6.000000000000000000e+01,2.100000000000000000e+01,2.100000000000000000e+01
6.000000000000000000e+01,5.100000000000000000e+01,5.100000000000000000e+01
1.500000000000000000e+01,1.200000000000000000e+01,1.200000000000000000e+01
6.000000000000000000e+01,3.000000000000000000e+01,1.821547438134892616e+01
4.800000000000000000e+01,3.000000000000000000e+01,3.000000000000000000e+01
2.700000000000000000e+01,1.500000000000000000e+01,1.500000000000000000e+01
6.000000000000000000e+01,6.000000000000000000e+01,1.521579871275847218e+01
6.000000000000000000e+01,9.000000000000000000e+00,9.000000000000000000e+00
9.000000000000000000e+00,6.000000000000000000e+00,6.000000000000000000e+00
1.800000000000000000e+01,9.000000000000000000e+00,9.000000000000000000e+00
6.000000000000000000e+01,1.200000000000000000e+01,1.200000000000000000e+01
6.000000000000000000e+01,6.000000000000000000e+01,6.000000000000000000e+01
6.000000000000000000e+00,6.000000000000000000e+00,6.000000000000000000e+00
2.100000000000000000e+01,1.500000000000000000e+01,1.500000000000000000e+01
1.800000000000000000e+01,1.200000000000000000e+01,1.200000000000000000e+01
1.800000000000000000e+01,9.000000000000000000e+00,9.000000000000000000e+00
