1.200000000000000000e+01,9.000000000000000000e+00,9.000000000000000000e+00
4.800000000000000000e+01,2.400000000000000000e+01,2.400000000000000000e+01
6.000000000000000000e+00,6.000000000000000000e+00,6.000000000000000000e+00
1.200000000000000000e+01,6.000000000000000000e+01,1.200000000000000000e+01
6.000000000000000000e+01,1.800000000000000000e+01,1.800000000000000000e+01
2.100000000000000000e+01,6.000000000000000000e+01,2.100000000000000000e+01
6.000000000000000000e+01,6.000000000000000000e+01,6.000000000000000000e+01
2.100000000000000000e+01,1.500000000000000000e+01,1.500000000000000000e+01
6.000000000000000000e+01,6.000000000000000000e+01,6.000000000000000000e+01
6.000000000000000000e+01,6.000000000000000000e+01,6.000000000000000000e+01
5.100000000000000000e+01,3.300000000000000000e+01,3.300000000000000000e+01
4.200000000000000000e+01,3.000000000000000000e+01,3.000000000000000000e+01
6.000000000000000000e+01,6.000000000000000000e+01,1.548419339037107711e+01
6.000000000000000000e+01,6.000000000000000000e+01,6.000000000000000000e+01
6.000000000000000000e+01,6.000000000000000000e+01,3.056540142273735938e+01
1.200000000000000000e+01,6.000000000000000000e+00,6.000000000000000000e+00
1.200000000000000000e+01,6.000000000000000000e+00,6.000000000000000000e+00
1.800000000000000000e+01,1.200000000000000000e+01,1.200000000000000000e+01
9.000000000000000000e+00,6.000000000000000000e+00,4.448931811857931073e+00
6.000000000000000000e+01,6.000000000000000000e+00,6.000000000000000000e+00
6.000000000000000000e+01,6.000000000000000000e+01,1.732777218097806227e+01
1.500000000000000000e+01,9.000000000000000000e+00,9.000000000000000000e+00
1.200000000000000000e+01,9.000000000000000000e+00,9.000000000000000000e+00
9.000000000000000000e+00,6.000000000000000000e+00,6.000000000000000000e+00
6.000000000000000000e+01,9.000000000000000000e+00,9.000000000000000000e+00
6.000000000000000000e+01,6.000000000000000000e+01,6.000000000000000000e+01
6.000000000000000000e+01,6.000000000000000000e+01,6.000000000000000000e+01
6.000000000000000000e+01,6.000000000000000000e+01,6.000000000000000000e+01
6.000000000000000000e+01,5.400000000000000000e+01,5.400000000000000000e+01
2.100000000000000000e+01,1.500000000000000000e+01,1.500000000000000000e+01
6.000000000000000000e+01,2.400000000000000000e+01,2.400000000000000000e+01
4.200000000000000000e+01,2.700000000000000000e+01,2.700000000000000000e+01
6.000000000000000000e+01,1.800000000000000000e+01,1.800000000000000000e+01
2.400000000000000000e+01,1.200000000000000000e+01,1.200000000000000000e+01
6.000000000000000000e+01,6.000000000000000000e+01,6.000000000000000000e+01
6.000000000000000000e+01,1.500000000000000000e+01,1.500000000000000000e+01
6.000000000000000000e+01,1.200000000000000000e+01,1.200000000000000000e+01
1.800000000000000000e+01,1.200000000000000000e+01,1.200000000000000000e+01
9.000000000000000000e+00,9.000000000000000000e+00,9.000000000000000000e+00
1.800000000000000000e+01,9.000000000000000000e+00,9.000000000000000000e+00
6.000000000000000000e+01,1.500000000000000000e+01,1.500000000000000000e+01
2.400000000000000000e+01,1.500000000000000000e+01,1.500000000000000000e+01
1.800000000000000000e+01,9.000000000000000000e+00,9.000000000000000000e+00
2.700000000000000000e+01,1.200000000000000000e+01,1.200000000000000000e+01
1.200000000000000000e+01,9.000000000000000000e+00,9.000000000000000000e+00
9.000000000000000000e+00,6.000000000000000000e+01,9.000000000000000000e+00
6.000000000000000000e+01,6.000000000000000000e+01,6.000000000000000000e+01
1.800000000000000000e+01,1.500000000000000000e+01,1.500000000000000000e+01
6.000000000000000000e+01,4.200000000000000000e+01,4.200000000000000000e+01
9.000000000000000000e+00,6.000000000000000000e+00,5.939999999999999503e+00
1.500000000000000000e+01,1.200000000000000000e+01,1.200000000000000000e+01
6.000000000000000000e+00,6.000000000000000000e+00,6.000000000000000000e+00
1.200000000000000000e+01,6.000000000000000000e+00,6.000000000000000000e+00
6.000000000000000000e+01,9.000000000000000000e+00,9.000000000000000000e+00
1.800000000000000000e+01,1.200000000000000000e+01,1.200000000000000000e+01
6.000000000000000000e+01,6.000000000000000000e+01,1.025975885656340481e+01
1.500000000000000000e+01,1.500000000000000000e+01,1.500000000000000000e+01
2.400000000000000000e+01,1.800000000000000000e+01,1.800000000000000000e+01
2.700000000000000000e+01,1.800000000000000000e+01,1.800000000000000000e+01
6.000000000000000000e+01,1.200000000000000000e+01,1.200000000000000000e+01
1.200000000000000000e+01,9.000000000000000000e+00,9.000000000000000000e+00
2.100000000000000000e+01,1.500000000000000000e+01,1.500000000000000000e+01
3.000000000000000000e+01,2.400000000000000000e+01,2.400000000000000000e+01
3.300000000000000000e+01,1.800000000000000000e+01,1.800000000000000000e+01
6.000000000000000000e+01,5.400000000000000000e+01,5.400000000000000000e+01
3.300000000000000000e+01,6.000000000000000000e+01,3.300000000000000000e+01
9.000000000000000000e+00,6.000000000000000000e+00,6.000000000000000000e+00
1.800000000000000000e+01,1.500000000000000000e+01,1.500000000000000000e+01
6.000000000000000000e+01,6.000000000000000000e+01,6.000000000000000000e+01
6.000000000000000000e+01,6.000000000000000000e+01,6.000000000000000000e+01
1.800000000000000000e+01,1.200000000000000000e+01,1.200000000000000000e+01
9.000000000000000000e+00,6.000000000000000000e+00,6.000000000000000000e+00
4.200000000000000000e+01,2.400000000000000000e+01,2.400000000000000000e+01
6.000000000000000000e+01,9.000000000000000000e+00,9.000000000000000000e+00
6.000000000000000000e+01,6.000000000000000000e+00,6.000000000000000000e+00
6.000000000000000000e+01,6.000000000000000000e+00,6.000000000000000000e+00
2.400000000000000000e+01,6.000000000000000000e+01,1.548419339037107711e+01
1.800000000000000000e+01,6.000000000000000000e+01,1.800000000000000000e+01
9.000000000000000000e+00,6.000000000000000000e+00,6.000000000000000000e+00
2.100000000000000000e+01,1.200000000000000000e+01,1.200000000000000000e+01
2.700000000000000000e+01,2.100000000000000000e+01,2.100000000000000000e+01
1.800000000000000000e+01,1.200000000000000000e+01,1.200000000000000000e+01
9.000000000000000000e+00,6.000000000000000000e+00,4.448931811857931073e+00
6.000000000000000000e+01,1.800000000000000000e+01,1.800000000000000000e+01
3.600000000000000000e+01,6.000000000000000000e+01,1.732777218097806227e+01
6.000000000000000000e+01,9.000000000000000000e+00,9.000000000000000000e+00
2.100000000000000000e+01,9.000000000000000000e+00,9.000000000000000000e+00
6.000000000000000000e+01,6.000000000000000000e+01,5.011927040790132537e+01
6.000000000000000000e+00,6.000000000000000000e+00,6.000000000000000000e+00
1.800000000000000000e+01,1.500000000000000000e+01,1.500000000000000000e+01
6.000000000000000000e+01,9.000000000000000000e+00,9.000000000000000000e+00
6.000000000000000000e+01,4.200000000000000000e+01,4.200000000000000000e+01
6.000000000000000000e+01,6.000000000000000000e+01,6.000000000000000000e+01
2.400000000000000000e+01,1.500000000000000000e+01,1.500000000000000000e+01
1.800000000000000000e+01,1.200000000000000000e+01,1.200000000000000000e+01
2.400000000000000000e+01,1.500000000000000000e+01,1.500000000000000000e+01
9.000000000000000000e+00,6.000000000000000000e+00,6.000000000000000000e+00
2.400000000000000000e+01,1.200000000000000000e+01,1.200000000000000000e+01
6.000000000000000000e+01,6.000000000000000000e+01,6.000000000000000000e+01
3.900000000000000000e+01,2.700000000000000000e+01,2.700000000000000000e+01
6.000000000000000000e+00,6.000000000000000000e+00,6.000000000000000000e+00
4.800000000000000000e+01,3.300000000000000000e+01,3.300000000000000000e+01
5.700000000000000000e+01,3.000000000000000000e+01,3.000000000000000000e+01
9.000000000000000000e+00,9.000000000000000000e+00,9.000000000000000000e+00
6.000000000000000000e+01,1.500000000000000000e+01,1.500000000000000000e+01
6.000000000000000000e+00,6.000000000000000000e+00,6.000000000000000000e+00
6.000000000000000000e+01,1.200000000000000000e+01,1.200000000000000000e+01
2.100000000000000000e+01,1.800000000000000000e+01,1.800000000000000000e+01
4.200000000000000000e+01,2.700000000000000000e+01,2.700000000000000000e+01
6.000000000000000000e+01,6.000000000000000000e+01,6.000000000000000000e+01
9.000000000000000000e+00,6.000000000000000000e+00,6.000000000000000000e+00
6.000000000000000000e+01,5.700000000000000000e+01,4.987734444984637605e+01
1.800000000000000000e+01,9.000000000000000000e+00,9.000000000000000000e+00
3.300000000000000000e+01,1.500000000000000000e+01,1.500000000000000000e+01
1.500000000000000000e+01,9.000000000000000000e+00,9.000000000000000000e+00
6.000000000000000000e+01,1.500000000000000000e+01,1.500000000000000000e+01
1.800000000000000000e+01,9.000000000000000000e+00,9.000000000000000000e+00
6.000000000000000000e+01,6.000000000000000000e+01,6.000000000000000000e+01
6.000000000000000000e+01,1.200000000000000000e+01,1.200000000000000000e+01
9.000000000000000000e+00,6.000000000000000000e+00,6.000000000000000000e+00
6.000000000000000000e+01,1.800000000000000000e+01,1.800000000000000000e+01
6.000000000000000000e+01,1.200000000000000000e+01,1.200000000000000000e+01
1.200000000000000000e+01,6.000000000000000000e+00,6.000000000000000000e+00
6.000000000000000000e+01,6.000000000000000000e+01,6.000000000000000000e+01
2.400000000000000000e+01,1.800000000000000000e+01,1.800000000000000000e+01
6.000000000000000000e+01,1.200000000000000000e+01,1.200000000000000000e+01
6.000000000000000000e+01,6.000000000000000000e+01,5.227872842960138655e+01
6.000000000000000000e+01,6.000000000000000000e+01,6.000000000000000000e+01
1.200000000000000000e+01,9.000000000000000000e+00,9.000000000000000000e+00
6.000000000000000000e+01,6.000000000000000000e+01,6.000000000000000000e+01
6.000000000000000000e+01,6.000000000000000000e+01,6.000000000000000000e+01
6.000000000000000000e+01,5.100000000000000000e+01,5.100000000000000000e+01
6.000000000000000000e+01,6.000000000000000000e+01,6.000000000000000000e+01
3.300000000000000000e+01,6.000000000000000000e+01,3.300000000000000000e+01
1.500000000000000000e+01,6.000000000000000000e+01,1.500000000000000000e+01
1.500000000000000000e+01,6.000000000000000000e+01,1.500000000000000000e+01
1.800000000000000000e+01,1.200000000000000000e+01,1.200000000000000000e+01
3.000000000000000000e+01,1.800000000000000000e+01,1.800000000000000000e+01
6.000000000000000000e+01,9.000000000000000000e+00,9.000000000000000000e+00
6.000000000000000000e+01,6.000000000000000000e+00,6.000000000000000000e+00
1.200000000000000000e+01,6.000000000000000000e+00,6.000000000000000000e+00
1.800000000000000000e+01,1.200000000000000000e+01,1.200000000000000000e+01
1.200000000000000000e+01,6.000000000000000000e+01,1.200000000000000000e+01
6.000000000000000000e+01,9.000000000000000000e+00,9.000000000000000000e+00
3.900000000000000000e+01,2.100000000000000000e+01,2.100000000000000000e+01
1.800000000000000000e+01,9.000000000000000000e+00,9.000000000000000000e+00
2.400000000000000000e+01,1.500000000000000000e+01,4.448931811857931073e+00
6.000000000000000000e+01,6.000000000000000000e+01,6.000000000000000000e+01
1.500000000000000000e+01,6.000000000000000000e+01,1.500000000000000000e+01
3.900000000000000000e+01,6.000000000000000000e+01,3.900000000000000000e+01
6.000000000000000000e+01,6.000000000000000000e+01,6.000000000000000000e+01
6.000000000000000000e+01,1.200000000000000000e+01,1.200000000000000000e+01
3.000000000000000000e+01,1.800000000000000000e+01,1.800000000000000000e+01
9.000000000000000000e+00,1.200000000000000000e+01,9.000000000000000000e+00
1.800000000000000000e+01,1.200000000000000000e+01,1.200000000000000000e+01
1.200000000000000000e+01,6.000000000000000000e+00,6.000000000000000000e+00
1.500000000000000000e+01,9.000000000000000000e+00,9.000000000000000000e+00
4.200000000000000000e+01,3.000000000000000000e+01,3.000000000000000000e+01
1.800000000000000000e+01,1.200000000000000000e+01,1.200000000000000000e+01
6.000000000000000000e+01,6.000000000000000000e+01,6.000000000000000000e+01
5.700000000000000000e+01,3.000000000000000000e+01,3.000000000000000000e+01
6.000000000000000000e+01,6.000000000000000000e+01,6.000000000000000000e+01
2.100000000000000000e+01,9.000000000000000000e+00,9.000000000000000000e+00
6.000000000000000000e+01,6.000000000000000000e+01,6.000000000000000000e+01
9.000000000000000000e+00,9.000000000000000000e+00,9.000000000000000000e+00
6.000000000000000000e+01,6.000000000000000000e+01,6.000000000000000000e+01
6.000000000000000000e+01,2.100000000000000000e+01,2.100000000000000000e+01
1.200000000000000000e+01,9.000000000000000000e+00,9.000000000000000000e+00
6.000000000000000000e+01,6.000000000000000000e+00,6.000000000000000000e+00
1.800000000000000000e+01,1.200000000000000000e+01,1.200000000000000000e+01
4.200000000000000000e+01,2.700000000000000000e+01,2.700000000000000000e+01
6.000000000000000000e+01,6.000000000000000000e+01,6.000000000000000000e+01
6.000000000000000000e+01,9.000000000000000000e+00,9.000000000000000000e+00
6.000000000000000000e+01,6.000000000000000000e+00,6.000000000000000000e+00
1.500000000000000000e+01,9.000000000000000000e+00,9.000000000000000000e+00
1.200000000000000000e+01,6.000000000000000000e+00,6.000000000000000000e+00
6.000000000000000000e+01,6.000000000000000000e+00,6.000000000000000000e+00
9.000000000000000000e+00,9.000000000000000000e+00,9.000000000000000000e+00
9.000000000000000000e+00,9.000000000000000000e+00,9.000000000000000000e+00
2.400000000000000000e+01,1.500000000000000000e+01,1.500000000000000000e+01
6.000000000000000000e+01,6.000000000000000000e+00,6.000000000000000000e+00
1.200000000000000000e+01,6.000000000000000000e+01,1.200000000000000000e+01
5.400000000000000000e+01,6.000000000000000000e+01,5.400000000000000000e+01
6.000000000000000000e+01,6.000000000000000000e+01,1.025975885656340481e+01
5.700000000000000000e+01,2.700000000000000000e+01,2.700000000000000000e+01
9.000000000000000000e+00,6.000000000000000000e+01,9.000000000000000000e+00
6.000000000000000000e+00,6.000000000000000000e+00,6.000000000000000000e+00
6.000000000000000000e+01,6.000000000000000000e+01,6.000000000000000000e+01
6.000000000000000000e+00,6.000000000000000000e+00,6.000000000000000000e+00
6.000000000000000000e+01,6.000000000000000000e+01,1.849779084986569444e+01
1.500000000000000000e+01,1.200000000000000000e+01,1.200000000000000000e+01
6.000000000000000000e+01,9.000000000000000000e+00,9.000000000000000000e+00
6.000000000000000000e+01,6.000000000000000000e+00,6.000000000000000000e+00
3.900000000000000000e+01,2.700000000000000000e+01,2.700000000000000000e+01
3.900000000000000000e+01,2.700000000000000000e+01,2.700000000000000000e+01
1.500000000000000000e+01,9.000000000000000000e+00,9.000000000000000000e+00
9.000000000000000000e+00,6.000000000000000000e+00,6.000000000000000000e+00
6.000000000000000000e+01,6.000000000000000000e+01,6.000000000000000000e+01
1.500000000000000000e+01,9.000000000000000000e+00,9.000000000000000000e+00
2.100000000000000000e+01,1.500000000000000000e+01,1.500000000000000000e+01
6.000000000000000000e+01,9.000000000000000000e+00,9.000000000000000000e+00
6.000000000000000000e+00,6.000000000000000000e+00,6.000000000000000000e+00
1.500000000000000000e+01,6.000000000000000000e+00,6.000000000000000000e+00
1.500000000000000000e+01,9.000000000000000000e+00,9.000000000000000000e+00
3.600000000000000000e+01,6.000000000000000000e+01,1.548419339037107711e+01
9.000000000000000000e+00,6.000000000000000000e+00,6.000000000000000000e+00
6.000000000000000000e+01,9.000000000000000000e+00,9.000000000000000000e+00
9.000000000000000000e+00,6.000000000000000000e+00,6.000000000000000000e+00
6.000000000000000000e+01,6.000000000000000000e+00,6.000000000000000000e+00
6.000000000000000000e+01,6.000000000000000000e+01,6.000000000000000000e+01
3.000000000000000000e+01,1.800000000000000000e+01,4.448931811857931073e+00
1.200000000000000000e+01,6.000000000000000000e+00,6.000000000000000000e+00
9.000000000000000000e+00,6.000000000000000000e+00,6.000000000000000000e+00
3.300000000000000000e+01,6.000000000000000000e+01,3.300000000000000000e+01
1.200000000000000000e+01,9.000000000000000000e+00,9.000000000000000000e+00
1.500000000000000000e+01,1.200000000000000000e+01,1.200000000000000000e+01
3.000000000000000000e+00,6.000000000000000000e+00,3.000000000000000000e+00
6.000000000000000000e+00,9.000000000000000000e+00,6.000000000000000000e+00
1.200000000000000000e+01,1.200000000000000000e+01,1.200000000000000000e+01
6.000000000000000000e+01,6.000000000000000000e+01,6.000000000000000000e+01
1.200000000000000000e+01,6.000000000000000000e+01,1.200000000000000000e+01
9.000000000000000000e+00,9.000000000000000000e+00,9.000000000000000000e+00
6.000000000000000000e+00,6.000000000000000000e+00,6.000000000000000000e+00
6.000000000000000000e+01,1.800000000000000000e+01,1.800000000000000000e+01
6.000000000000000000e+01,6.000000000000000000e+00,6.000000000000000000e+00
6.000000000000000000e+01,6.000000000000000000e+01,6.000000000000000000e+01
3.000000000000000000e+01,1.800000000000000000e+01,1.800000000000000000e+01
9.000000000000000000e+00,6.000000000000000000e+00,6.000000000000000000e+00
1.500000000000000000e+01,9.000000000000000000e+00,9.000000000000000000e+00
6.000000000000000000e+01,6.000000000000000000e+01,6.000000000000000000e+01
1.200000000000000000e+01,9.000000000000000000e+00,9.000000000000000000e+00
9.000000000000000000e+00,6.000000000000000000e+00,6.000000000000000000e+00
1.500000000000000000e+01,6.000000000000000000e+00,6.000000000000000000e+00
2.400000000000000000e+01,6.000000000000000000e+01,2.400000000000000000e+01
1.800000000000000000e+01,1.200000000000000000e+01,1.200000000000000000e+01
2.700000000000000000e+01,6.000000000000000000e+01,2.700000000000000000e+01
6.000000000000000000e+01,9.000000000000000000e+00,9.000000000000000000e+00
6.000000000000000000e+00,6.000000000000000000e+00,5.603333333333333499e+00
5.700000000000000000e+01,6.000000000000000000e+01,5.700000000000000000e+01
3.000000000000000000e+01,2.100000000000000000e+01,2.100000000000000000e+01
4.800000000000000000e+01,6.000000000000000000e+01,4.800000000000000000e+01
3.600000000000000000e+01,3.000000000000000000e+01,3.000000000000000000e+01
6.000000000000000000e+00,6.000000000000000000e+00,6.000000000000000000e+00
6.000000000000000000e+01,6.000000000000000000e+01,6.000000000000000000e+01
6.000000000000000000e+01,1.800000000000000000e+01,1.800000000000000000e+01
9.000000000000000000e+00,6.000000000000000000e+00,6.000000000000000000e+00
1.800000000000000000e+01,1.500000000000000000e+01,1.500000000000000000e+01
6.000000000000000000e+01,6.000000000000000000e+01,1.025975885656340481e+01
1.500000000000000000e+01,1.200000000000000000e+01,1.200000000000000000e+01
1.500000000000000000e+01,1.200000000000000000e+01,1.200000000000000000e+01
1.200000000000000000e+01,6.000000000000000000e+00,6.000000000000000000e+00
1.500000000000000000e+01,9.000000000000000000e+00,9.000000000000000000e+00
6.000000000000000000e+00,6.000000000000000000e+00,6.000000000000000000e+00
3.000000000000000000e+01,2.100000000000000000e+01,1.849779084986569444e+01
6.000000000000000000e+01,9.000000000000000000e+00,9.000000000000000000e+00
6.000000000000000000e+01,2.400000000000000000e+01,2.400000000000000000e+01
1.200000000000000000e+01,9.000000000000000000e+00,9.000000000000000000e+00
1.800000000000000000e+01,1.500000000000000000e+01,1.500000000000000000e+01
6.000000000000000000e+01,6.000000000000000000e+01,6.000000000000000000e+01
3.000000000000000000e+01,6.000000000000000000e+01,3.000000000000000000e+01
1.200000000000000000e+01,1.200000000000000000e+01,1.200000000000000000e+01
9.000000000000000000e+00,6.000000000000000000e+00,6.000000000000000000e+00
6.000000000000000000e+01,6.000000000000000000e+01,4.615674086307981128e+01
6.000000000000000000e+01,6.000000000000000000e+01,1.938120371439674727e+01
1.800000000000000000e+01,9.000000000000000000e+00,9.000000000000000000e+00
6.000000000000000000e+01,6.000000000000000000e+00,6.000000000000000000e+00
6.000000000000000000e+01,6.000000000000000000e+01,6.000000000000000000e+01
1.800000000000000000e+01,9.000000000000000000e+00,9.000000000000000000e+00
9.000000000000000000e+00,6.000000000000000000e+00,6.000000000000000000e+00
6.000000000000000000e+01,6.000000000000000000e+01,6.000000000000000000e+01
3.300000000000000000e+01,1.800000000000000000e+01,1.800000000000000000e+01
9.000000000000000000e+00,6.000000000000000000e+00,6.000000000000000000e+00
6.000000000000000000e+01,1.800000000000000000e+01,1.800000000000000000e+01
2.100000000000000000e+01,1.500000000000000000e+01,1.500000000000000000e+01
1.800000000000000000e+01,1.500000000000000000e+01,1.365546700183802464e+01
6.000000000000000000e+01,6.000000000000000000e+01,6.000000000000000000e+01
6.000000000000000000e+01,9.000000000000000000e+00,9.000000000000000000e+00
3.900000000000000000e+01,2.100000000000000000e+01,2.100000000000000000e+01
6.000000000000000000e+00,6.000000000000000000e+00,6.000000000000000000e+00
1.200000000000000000e+01,6.000000000000000000e+00,6.000000000000000000e+00
2.700000000000000000e+01,1.500000000000000000e+01,1.500000000000000000e+01
1.500000000000000000e+01,1.200000000000000000e+01,1.200000000000000000e+01
9.000000000000000000e+00,6.000000000000000000e+00,6.000000000000000000e+00
9.000000000000000000e+00,6.000000000000000000e+00,6.000000000000000000e+00
9.000000000000000000e+00,9.000000000000000000e+00,9.000000000000000000e+00
6.000000000000000000e+00,6.000000000000000000e+00,5.943333333333333357e+00
2.400000000000000000e+01,6.000000000000000000e+01,2.400000000000000000e+01
6.000000000000000000e+01,6.000000000000000000e+01,6.000000000000000000e+01
6.000000000000000000e+01,2.700000000000000000e+01,2.700000000000000000e+01
9.000000000000000000e+00,6.000000000000000000e+00,6.000000000000000000e+00
2.700000000000000000e+01,1.500000000000000000e+01,1.500000000000000000e+01
6.000000000000000000e+00,6.000000000000000000e+00,5.839999999999999858e+00
6.000000000000000000e+01,6.000000000000000000e+01,6.845280149737281050e+00
9.000000000000000000e+00,9.000000000000000000e+00,9.000000000000000000e+00
1.800000000000000000e+01,1.800000000000000000e+01,1.800000000000000000e+01
9.000000000000000000e+00,3.000000000000000000e+00,3.000000000000000000e+00
6.000000000000000000e+01,1.500000000000000000e+01,1.500000000000000000e+01
6.000000000000000000e+01,1.800000000000000000e+01,1.800000000000000000e+01
1.800000000000000000e+01,1.200000000000000000e+01,1.200000000000000000e+01
9.000000000000000000e+00,9.000000000000000000e+00,9.000000000000000000e+00
6.000000000000000000e+01,9.000000000000000000e+00,9.000000000000000000e+00
9.000000000000000000e+00,6.000000000000000000e+00,6.000000000000000000e+00
1.800000000000000000e+01,9.000000000000000000e+00,9.000000000000000000e+00
1.200000000000000000e+01,1.200000000000000000e+01,1.200000000000000000e+01
1.800000000000000000e+01,1.200000000000000000e+01,1.200000000000000000e+01
6.000000000000000000e+00,6.000000000000000000e+00,6.000000000000000000e+00
9.000000000000000000e+00,9.000000000000000000e+00,9.000000000000000000e+00
4.500000000000000000e+01,2.700000000000000000e+01,2.700000000000000000e+01
6.000000000000000000e+01,6.000000000000000000e+01,4.051216996726344632e+01
6.000000000000000000e+01,1.800000000000000000e+01,1.800000000000000000e+01
6.000000000000000000e+01,6.000000000000000000e+01,6.000000000000000000e+01
6.000000000000000000e+01,9.000000000000000000e+00,9.000000000000000000e+00
6.000000000000000000e+01,3.300000000000000000e+01,3.300000000000000000e+01
1.200000000000000000e+01,6.000000000000000000e+00,6.000000000000000000e+00
1.200000000000000000e+01,6.000000000000000000e+00,6.000000000000000000e+00
6.000000000000000000e+01,6.000000000000000000e+01,6.000000000000000000e+01
2.400000000000000000e+01,2.100000000000000000e+01,2.100000000000000000e+01
9.000000000000000000e+00,6.000000000000000000e+00,6.000000000000000000e+00
1.800000000000000000e+01,1.200000000000000000e+01,1.200000000000000000e+01
6.000000000000000000e+01,6.000000000000000000e+01,6.000000000000000000e+01
9.000000000000000000e+00,6.000000000000000000e+00,6.000000000000000000e+00
1.200000000000000000e+01,9.000000000000000000e+00,9.000000000000000000e+00
6.000000000000000000e+01,1.800000000000000000e+01,1.800000000000000000e+01
9.000000000000000000e+00,9.000000000000000000e+00,9.000000000000000000e+00
6.000000000000000000e+01,9.000000000000000000e+00,9.000000000000000000e+00
6.000000000000000000e+01,6.000000000000000000e+01,6.000000000000000000e+01
1.200000000000000000e+01,6.000000000000000000e+00,6.000000000000000000e+00
2.100000000000000000e+01,6.000000000000000000e+01,1.938120371439674727e+01
6.000000000000000000e+00,6.000000000000000000e+00,5.743333333333334068e+00
6.000000000000000000e+01,2.400000000000000000e+01,2.400000000000000000e+01
1.500000000000000000e+01,6.000000000000000000e+01,1.500000000000000000e+01
3.000000000000000000e+01,6.000000000000000000e+01,2.073714658474139938e+01
9.000000000000000000e+00,6.000000000000000000e+00,6.000000000000000000e+00
6.000000000000000000e+01,3.300000000000000000e+01,3.300000000000000000e+01
1.200000000000000000e+01,9.000000000000000000e+00,9.000000000000000000e+00
9.000000000000000000e+00,6.000000000000000000e+00,6.000000000000000000e+00
6.000000000000000000e+00,6.000000000000000000e+00,6.000000000000000000e+00
6.000000000000000000e+01,6.000000000000000000e+01,6.000000000000000000e+01
1.200000000000000000e+01,9.000000000000000000e+00,9.000000000000000000e+00
2.100000000000000000e+01,1.500000000000000000e+01,1.500000000000000000e+01
3.000000000000000000e+01,2.100000000000000000e+01,2.100000000000000000e+01
6.000000000000000000e+01,3.300000000000000000e+01,3.300000000000000000e+01
1.500000000000000000e+01,9.000000000000000000e+00,9.000000000000000000e+00
6.000000000000000000e+01,5.100000000000000000e+01,5.100000000000000000e+01
6.000000000000000000e+01,1.200000000000000000e+01,1.200000000000000000e+01
1.500000000000000000e+01,6.000000000000000000e+01,1.500000000000000000e+01
3.900000000000000000e+01,1.800000000000000000e+01,1.800000000000000000e+01
9.000000000000000000e+00,6.000000000000000000e+00,6.000000000000000000e+00
9.000000000000000000e+00,6.000000000000000000e+00,6.000000000000000000e+00
1.200000000000000000e+01,6.000000000000000000e+00,6.000000000000000000e+00
1.500000000000000000e+01,9.000000000000000000e+00,9.000000000000000000e+00
1.800000000000000000e+01,9.000000000000000000e+00,9.000000000000000000e+00
6.000000000000000000e+01,6.000000000000000000e+01,6.000000000000000000e+01
6.000000000000000000e+01,6.000000000000000000e+01,6.000000000000000000e+01
1.800000000000000000e+01,9.000000000000000000e+00,9.000000000000000000e+00
6.000000000000000000e+01,6.000000000000000000e+01,6.000000000000000000e+01
1.500000000000000000e+01,9.000000000000000000e+00,6.845280149737281050e+00
1.200000000000000000e+01,6.000000000000000000e+00,6.000000000000000000e+00
4.500000000000000000e+01,6.000000000000000000e+01,4.500000000000000000e+01
1.200000000000000000e+01,9.000000000000000000e+00,7.729664976374439611e+00
6.000000000000000000e+01,6.000000000000000000e+00,6.000000000000000000e+00
6.000000000000000000e+01,1.200000000000000000e+01,1.200000000000000000e+01
6.000000000000000000e+01,6.000000000000000000e+01,2.878303684333613432e+01
2.400000000000000000e+01,1.500000000000000000e+01,1.500000000000000000e+01
1.200000000000000000e+01,9.000000000000000000e+00,9.000000000000000000e+00
2.400000000000000000e+01,6.000000000000000000e+01,2.400000000000000000e+01
6.000000000000000000e+01,6.000000000000000000e+01,6.000000000000000000e+01
2.100000000000000000e+01,1.200000000000000000e+01,1.200000000000000000e+01
3.600000000000000000e+01,1.800000000000000000e+01,1.800000000000000000e+01
3.300000000000000000e+01,2.100000000000000000e+01,2.100000000000000000e+01
1.500000000000000000e+01,9.000000000000000000e+00,9.000000000000000000e+00
1.800000000000000000e+01,1.200000000000000000e+01,1.200000000000000000e+01
9.000000000000000000e+00,6.000000000000000000e+00,6.000000000000000000e+00
1.500000000000000000e+01,1.200000000000000000e+01,1.200000000000000000e+01
2.400000000000000000e+01,1.800000000000000000e+01,1.800000000000000000e+01
1.200000000000000000e+01,9.000000000000000000e+00,9.000000000000000000e+00
3.300000000000000000e+01,2.400000000000000000e+01,2.400000000000000000e+01
6.000000000000000000e+00,6.000000000000000000e+00,6.000000000000000000e+00
2.100000000000000000e+01,1.500000000000000000e+01,1.500000000000000000e+01
6.000000000000000000e+01,9.000000000000000000e+00,9.000000000000000000e+00
9.000000000000000000e+00,6.000000000000000000e+00,6.000000000000000000e+00
1.200000000000000000e+01,9.000000000000000000e+00,9.000000000000000000e+00
9.000000000000000000e+00,6.000000000000000000e+00,6.000000000000000000e+00
1.200000000000000000e+01,6.000000000000000000e+00,6.000000000000000000e+00
1.800000000000000000e+01,9.000000000000000000e+00,9.000000000000000000e+00
6.000000000000000000e+01,1.200000000000000000e+01,1.200000000000000000e+01
9.000000000000000000e+00,6.000000000000000000e+00,6.000000000000000000e+00
3.300000000000000000e+01,6.000000000000000000e+01,3.300000000000000000e+01
9.000000000000000000e+00,6.000000000000000000e+00,6.000000000000000000e+00
4.500000000000000000e+01,2.700000000000000000e+01,2.700000000000000000e+01
1.200000000000000000e+01,9.000000000000000000e+00,9.000000000000000000e+00
6.000000000000000000e+01,6.000000000000000000e+01,1.938120371439674727e+01
6.000000000000000000e+01,6.000000000000000000e+01,6.000000000000000000e+01
6.000000000000000000e+01,6.000000000000000000e+01,6.000000000000000000e+01
9.000000000000000000e+00,6.000000000000000000e+00,6.000000000000000000e+00
6.000000000000000000e+01,1.200000000000000000e+01,1.200000000000000000e+01
1.500000000000000000e+01,9.000000000000000000e+00,9.000000000000000000e+00
9.000000000000000000e+00,6.000000000000000000e+00,6.000000000000000000e+00
6.000000000000000000e+01,6.000000000000000000e+01,6.000000000000000000e+01
9.000000000000000000e+00,6.000000000000000000e+00,6.000000000000000000e+00
9.000000000000000000e+00,6.000000000000000000e+00,6.000000000000000000e+00
5.100000000000000000e+01,2.700000000000000000e+01,2.700000000000000000e+01
1.800000000000000000e+01,9.000000000000000000e+00,9.000000000000000000e+00
6.000000000000000000e+01,6.000000000000000000e+01,6.000000000000000000e+01
6.000000000000000000e+01,6.000000000000000000e+01,6.000000000000000000e+01
6.000000000000000000e+01,1.500000000000000000e+01,1.500000000000000000e+01
6.000000000000000000e+01,6.000000000000000000e+01,6.000000000000000000e+01
6.000000000000000000e+01,6.000000000000000000e+01,6.000000000000000000e+01
6.000000000000000000e+01,9.000000000000000000e+00,9.000000000000000000e+00
1.200000000000000000e+01,6.000000000000000000e+00,6.000000000000000000e+00
3.600000000000000000e+01,6.000000000000000000e+01,3.600000000000000000e+01
6.000000000000000000e+01,6.000000000000000000e+01,6.000000000000000000e+01
9.000000000000000000e+00,6.000000000000000000e+00,6.000000000000000000e+00
5.100000000000000000e+01,2.700000000000000000e+01,2.700000000000000000e+01
1.800000000000000000e+01,1.200000000000000000e+01,1.200000000000000000e+01
6.000000000000000000e+01,1.500000000000000000e+01,1.500000000000000000e+01
6.000000000000000000e+01,1.200000000000000000e+01,1.200000000000000000e+01
2.100000000000000000e+01,1.200000000000000000e+01,1.200000000000000000e+01
6.000000000000000000e+01,6.000000000000000000e+00,6.000000000000000000e+00
1.800000000000000000e+01,9.000000000000000000e+00,9.000000000000000000e+00
1.500000000000000000e+01,6.000000000000000000e+01,6.845280149737281050e+00
9.000000000000000000e+00,9.000000000000000000e+00,9.000000000000000000e+00
1.800000000000000000e+01,1.200000000000000000e+01,1.200000000000000000e+01
1.800000000000000000e+01,1.200000000000000000e+01,7.729664976374439611e+00
6.000000000000000000e+01,6.000000000000000000e+01,6.000000000000000000e+01
1.500000000000000000e+01,9.000000000000000000e+00,9.000000000000000000e+00
6.000000000000000000e+01,6.000000000000000000e+01,2.878303684333613432e+01
6.000000000000000000e+01,6.000000000000000000e+01,3.023620184317926629e+01
9.000000000000000000e+00,6.000000000000000000e+00,6.000000000000000000e+00
1.800000000000000000e+01,9.000000000000000000e+00,9.000000000000000000e+00
3.300000000000000000e+01,2.100000000000000000e+01,2.100000000000000000e+01
1.200000000000000000e+01,6.000000000000000000e+00,6.000000000000000000e+00
6.000000000000000000e+01,6.000000000000000000e+01,5.481344597074906488e+01
6.000000000000000000e+01,3.600000000000000000e+01,3.076926367525190287e+01
5.400000000000000000e+01,3.900000000000000000e+01,3.900000000000000000e+01
9.000000000000000000e+00,6.000000000000000000e+00,6.000000000000000000e+00
6.000000000000000000e+01,6.000000000000000000e+01,4.051216996726344632e+01
9.000000000000000000e+00,6.000000000000000000e+00,6.000000000000000000e+00
6.000000000000000000e+01,6.000000000000000000e+01,6.000000000000000000e+01
1.500000000000000000e+01,9.000000000000000000e+00,9.000000000000000000e+00
9.000000000000000000e+00,6.000000000000000000e+00,6.000000000000000000e+00
2.100000000000000000e+01,1.500000000000000000e+01,1.500000000000000000e+01
1.200000000000000000e+01,9.000000000000000000e+00,9.000000000000000000e+00
1.200000000000000000e+01,9.000000000000000000e+00,9.000000000000000000e+00
2.100000000000000000e+01,1.200000000000000000e+01,1.200000000000000000e+01
4.200000000000000000e+01,6.000000000000000000e+01,4.200000000000000000e+01
6.000000000000000000e+01,6.000000000000000000e+01,4.551220542865514318e+01
3.300000000000000000e+01,1.800000000000000000e+01,1.800000000000000000e+01
9.000000000000000000e+00,6.000000000000000000e+00,6.000000000000000000e+00
6.000000000000000000e+00,6.000000000000000000e+00,6.000000000000000000e+00
6.000000000000000000e+01,6.000000000000000000e+01,6.000000000000000000e+01
1.500000000000000000e+01,1.200000000000000000e+01,1.200000000000000000e+01
2.700000000000000000e+01,1.800000000000000000e+01,1.800000000000000000e+01
6.000000000000000000e+01,6.000000000000000000e+01,6.000000000000000000e+01
4.200000000000000000e+01,6.000000000000000000e+01,4.200000000000000000e+01
1.800000000000000000e+01,9.000000000000000000e+00,9.000000000000000000e+00
9.000000000000000000e+00,9.000000000000000000e+00,9.000000000000000000e+00
1.200000000000000000e+01,9.000000000000000000e+00,9.000000000000000000e+00
6.000000000000000000e+01,3.300000000000000000e+01,3.300000000000000000e+01
6.000000000000000000e+00,6.000000000000000000e+00,6.000000000000000000e+00
9.000000000000000000e+00,6.000000000000000000e+00,6.000000000000000000e+00
1.800000000000000000e+01,9.000000000000000000e+00,9.000000000000000000e+00
1.200000000000000000e+01,6.000000000000000000e+00,6.000000000000000000e+00
3.300000000000000000e+01,2.400000000000000000e+01,2.400000000000000000e+01
6.000000000000000000e+01,1.500000000000000000e+01,1.500000000000000000e+01
3.600000000000000000e+01,6.000000000000000000e+01,3.600000000000000000e+01
6.000000000000000000e+01,6.000000000000000000e+01,1.365546700183802464e+01
6.000000000000000000e+01,6.000000000000000000e+01,6.000000000000000000e+01
1.800000000000000000e+01,6.000000000000000000e+01,1.800000000000000000e+01
1.500000000000000000e+01,6.000000000000000000e+01,1.500000000000000000e+01
1.200000000000000000e+01,6.000000000000000000e+00,6.000000000000000000e+00
1.500000000000000000e+01,9.000000000000000000e+00,9.000000000000000000e+00
6.000000000000000000e+01,6.000000000000000000e+01,3.609909679901816304e+01
6.000000000000000000e+01,1.200000000000000000e+01,1.200000000000000000e+01
3.900000000000000000e+01,2.400000000000000000e+01,2.400000000000000000e+01
1.200000000000000000e+01,6.000000000000000000e+00,6.000000000000000000e+00
6.000000000000000000e+01,1.200000000000000000e+01,1.200000000000000000e+01
9.000000000000000000e+00,9.000000000000000000e+00,9.000000000000000000e+00
1.800000000000000000e+01,1.200000000000000000e+01,1.200000000000000000e+01
1.200000000000000000e+01,9.000000000000000000e+00,9.000000000000000000e+00
9.000000000000000000e+00,6.000000000000000000e+00,6.000000000000000000e+00
1.200000000000000000e+01,6.000000000000000000e+01,1.200000000000000000e+01
6.000000000000000000e+00,6.000000000000000000e+00,6.000000000000000000e+00
1.500000000000000000e+01,1.200000000000000000e+01,1.200000000000000000e+01
1.500000000000000000e+01,6.000000000000000000e+01,6.845280149737281050e+00
6.000000000000000000e+01,2.700000000000000000e+01,2.700000000000000000e+01
9.000000000000000000e+00,6.000000000000000000e+00,6.000000000000000000e+00
6.000000000000000000e+00,6.000000000000000000e+00,6.000000000000000000e+00
1.200000000000000000e+01,9.000000000000000000e+00,9.000000000000000000e+00
6.000000000000000000e+01,1.200000000000000000e+01,1.200000000000000000e+01
1.500000000000000000e+01,9.000000000000000000e+00,9.000000000000000000e+00
2.100000000000000000e+01,1.800000000000000000e+01,1.800000000000000000e+01
1.200000000000000000e+01,1.200000000000000000e+01,1.200000000000000000e+01
1.500000000000000000e+01,1.200000000000000000e+01,1.200000000000000000e+01
6.000000000000000000e+01,3.600000000000000000e+01,3.600000000000000000e+01
1.200000000000000000e+01,1.200000000000000000e+01,1.200000000000000000e+01
6.000000000000000000e+00,6.000000000000000000e+00,6.000000000000000000e+00
4.500000000000000000e+01,2.700000000000000000e+01,2.700000000000000000e+01
1.800000000000000000e+01,1.800000000000000000e+01,1.800000000000000000e+01
2.100000000000000000e+01,1.200000000000000000e+01,1.200000000000000000e+01
1.200000000000000000e+01,6.000000000000000000e+00,6.000000000000000000e+00
1.800000000000000000e+01,1.200000000000000000e+01,1.200000000000000000e+01
6.000000000000000000e+00,6.000000000000000000e+00,6.000000000000000000e+00
3.900000000000000000e+01,6.000000000000000000e+01,3.900000000000000000e+01
6.000000000000000000e+01,6.000000000000000000e+00,6.000000000000000000e+00
6.000000000000000000e+01,2.400000000000000000e+01,2.392355679144530711e+01
6.000000000000000000e+01,1.200000000000000000e+01,1.200000000000000000e+01
1.800000000000000000e+01,1.200000000000000000e+01,1.200000000000000000e+01
6.000000000000000000e+01,4.200000000000000000e+01,4.200000000000000000e+01
6.000000000000000000e+01,6.000000000000000000e+01,6.000000000000000000e+01
9.000000000000000000e+00,6.000000000000000000e+00,6.000000000000000000e+00
1.800000000000000000e+01,1.200000000000000000e+01,1.200000000000000000e+01
1.200000000000000000e+01,6.000000000000000000e+00,6.000000000000000000e+00
4.200000000000000000e+01,3.300000000000000000e+01,3.300000000000000000e+01
1.500000000000000000e+01,9.000000000000000000e+00,9.000000000000000000e+00
6.000000000000000000e+00,3.000000000000000000e+00,3.000000000000000000e+00
6.000000000000000000e+01,3.300000000000000000e+01,1.789173973295444853e+01
9.000000000000000000e+00,6.000000000000000000e+00,6.000000000000000000e+00
6.000000000000000000e+01,2.700000000000000000e+01,2.700000000000000000e+01
6.000000000000000000e+01,2.400000000000000000e+01,2.400000000000000000e+01
1.800000000000000000e+01,1.500000000000000000e+01,1.500000000000000000e+01
3.000000000000000000e+01,1.500000000000000000e+01,1.500000000000000000e+01
9.000000000000000000e+00,6.000000000000000000e+00,6.000000000000000000e+00
1.800000000000000000e+01,1.500000000000000000e+01,1.500000000000000000e+01
9.000000000000000000e+00,6.000000000000000000e+00,6.000000000000000000e+00
6.000000000000000000e+00,6.000000000000000000e+00,6.000000000000000000e+00
9.000000000000000000e+00,9.000000000000000000e+00,9.000000000000000000e+00
6.000000000000000000e+01,6.000000000000000000e+01,6.000000000000000000e+01
6.000000000000000000e+01,6.000000000000000000e+01,6.000000000000000000e+01
1.200000000000000000e+01,6.000000000000000000e+00,6.000000000000000000e+00
9.000000000000000000e+00,6.000000000000000000e+00,6.000000000000000000e+00
1.800000000000000000e+01,6.000000000000000000e+01,1.800000000000000000e+01
1.500000000000000000e+01,6.000000000000000000e+01,7.246818547959860801e+00
3.000000000000000000e+01,1.800000000000000000e+01,1.800000000000000000e+01
6.000000000000000000e+00,6.000000000000000000e+00,6.000000000000000000e+00
6.000000000000000000e+01,4.200000000000000000e+01,4.200000000000000000e+01
6.000000000000000000e+01,1.800000000000000000e+01,1.800000000000000000e+01
6.000000000000000000e+01,9.000000000000000000e+00,9.000000000000000000e+00
6.000000000000000000e+01,6.000000000000000000e+01,4.303670836465592231e+01
9.000000000000000000e+00,6.000000000000000000e+00,6.000000000000000000e+00
6.000000000000000000e+01,9.000000000000000000e+00,9.000000000000000000e+00
1.200000000000000000e+01,6.000000000000000000e+00,6.000000000000000000e+00
6.000000000000000000e+01,9.000000000000000000e+00,9.000000000000000000e+00
1.500000000000000000e+01,9.000000000000000000e+00,9.000000000000000000e+00
9.000000000000000000e+00,6.000000000000000000e+00,6.000000000000000000e+00
2.100000000000000000e+01,6.000000000000000000e+01,1.213306236967914309e+01
5.100000000000000000e+01,3.300000000000000000e+01,3.300000000000000000e+01
6.000000000000000000e+01,6.000000000000000000e+01,6.000000000000000000e+01
9.000000000000000000e+00,9.000000000000000000e+00,9.000000000000000000e+00
6.000000000000000000e+01,5.400000000000000000e+01,5.400000000000000000e+01
6.000000000000000000e+01,2.400000000000000000e+01,2.400000000000000000e+01
6.000000000000000000e+01,6.000000000000000000e+01,2.235879239295044840e+01
1.200000000000000000e+01,9.000000000000000000e+00,5.121208501777645417e+00
6.000000000000000000e+01,3.000000000000000000e+00,3.000000000000000000e+00
6.000000000000000000e+01,1.500000000000000000e+01,1.500000000000000000e+01
6.000000000000000000e+01,2.700000000000000000e+01,2.700000000000000000e+01
1.200000000000000000e+01,6.000000000000000000e+00,6.000000000000000000e+00
1.200000000000000000e+01,1.200000000000000000e+01,1.200000000000000000e+01
6.000000000000000000e+01,6.000000000000000000e+01,4.334782497819121261e+01
2.100000000000000000e+01,6.000000000000000000e+01,1.376664453876131944e+01
6.000000000000000000e+01,6.000000000000000000e+00,6.000000000000000000e+00
2.400000000000000000e+01,6.000000000000000000e+01,2.400000000000000000e+01
6.000000000000000000e+01,1.200000000000000000e+01,1.200000000000000000e+01
1.200000000000000000e+01,6.000000000000000000e+00,6.000000000000000000e+00
6.000000000000000000e+01,4.800000000000000000e+01,4.800000000000000000e+01
6.000000000000000000e+01,1.500000000000000000e+01,1.500000000000000000e+01
1.500000000000000000e+01,1.200000000000000000e+01,1.200000000000000000e+01
3.000000000000000000e+01,6.000000000000000000e+01,3.000000000000000000e+01
6.000000000000000000e+01,9.000000000000000000e+00,9.000000000000000000e+00
1.500000000000000000e+01,9.000000000000000000e+00,9.000000000000000000e+00
6.000000000000000000e+01,4.500000000000000000e+01,4.500000000000000000e+01
9.000000000000000000e+00,9.000000000000000000e+00,9.000000000000000000e+00
6.000000000000000000e+01,1.200000000000000000e+01,1.200000000000000000e+01
6.000000000000000000e+01,6.000000000000000000e+01,1.631603772933249275e+01
6.000000000000000000e+01,1.800000000000000000e+01,1.800000000000000000e+01
9.000000000000000000e+00,6.000000000000000000e+00,6.000000000000000000e+00
6.000000000000000000e+01,6.000000000000000000e+01,6.000000000000000000e+01
6.000000000000000000e+01,6.000000000000000000e+00,6.000000000000000000e+00
2.400000000000000000e+01,1.500000000000000000e+01,1.500000000000000000e+01
6.000000000000000000e+01,6.000000000000000000e+01,1.059054351051249299e+01
1.500000000000000000e+01,1.200000000000000000e+01,1.200000000000000000e+01
6.000000000000000000e+01,1.800000000000000000e+01,1.800000000000000000e+01
6.000000000000000000e+01,5.400000000000000000e+01,5.400000000000000000e+01
1.800000000000000000e+01,6.000000000000000000e+01,1.800000000000000000e+01
9.000000000000000000e+00,6.000000000000000000e+00,6.000000000000000000e+00
9.000000000000000000e+00,6.000000000000000000e+00,6.000000000000000000e+00
1.200000000000000000e+01,6.000000000000000000e+00,6.000000000000000000e+00
6.000000000000000000e+00,6.000000000000000000e+00,6.000000000000000000e+00
6.000000000000000000e+01,6.000000000000000000e+01,6.000000000000000000e+01
3.000000000000000000e+00,6.000000000000000000e+00,3.000000000000000000e+00
9.000000000000000000e+00,6.000000000000000000e+00,6.000000000000000000e+00
2.400000000000000000e+01,2.100000000000000000e+01,2.100000000000000000e+01
1.500000000000000000e+01,1.200000000000000000e+01,1.200000000000000000e+01
3.000000000000000000e+01,2.100000000000000000e+01,2.100000000000000000e+01
9.000000000000000000e+00,9.000000000000000000e+00,9.000000000000000000e+00
5.400000000000000000e+01,2.700000000000000000e+01,2.700000000000000000e+01
1.800000000000000000e+01,1.500000000000000000e+01,7.246818547959860801e+00
1.200000000000000000e+01,6.000000000000000000e+00,6.000000000000000000e+00
6.000000000000000000e+01,6.000000000000000000e+01,6.000000000000000000e+01
1.500000000000000000e+01,9.000000000000000000e+00,9.000000000000000000e+00
1.200000000000000000e+01,6.000000000000000000e+00,6.000000000000000000e+00
6.000000000000000000e+01,6.000000000000000000e+00,6.000000000000000000e+00
1.200000000000000000e+01,9.000000000000000000e+00,9.000000000000000000e+00
6.000000000000000000e+01,2.700000000000000000e+01,2.700000000000000000e+01
1.200000000000000000e+01,9.000000000000000000e+00,9.000000000000000000e+00
6.000000000000000000e+00,6.000000000000000000e+00,6.000000000000000000e+00
6.000000000000000000e+01,2.400000000000000000e+01,2.400000000000000000e+01
6.000000000000000000e+00,6.000000000000000000e+00,6.000000000000000000e+00
6.000000000000000000e+01,1.200000000000000000e+01,1.200000000000000000e+01
6.000000000000000000e+01,6.000000000000000000e+01,1.213306236967914309e+01
1.200000000000000000e+01,9.000000000000000000e+00,9.000000000000000000e+00
6.000000000000000000e+01,6.000000000000000000e+01,6.000000000000000000e+01
1.500000000000000000e+01,9.000000000000000000e+00,9.000000000000000000e+00
1.500000000000000000e+01,6.000000000000000000e+00,6.000000000000000000e+00
6.000000000000000000e+01,6.000000000000000000e+01,6.000000000000000000e+01
1.200000000000000000e+01,9.000000000000000000e+00,9.000000000000000000e+00
1.500000000000000000e+01,9.000000000000000000e+00,5.121208501777645417e+00
6.000000000000000000e+01,6.000000000000000000e+01,6.000000000000000000e+01
4.500000000000000000e+01,2.700000000000000000e+01,2.700000000000000000e+01
5.700000000000000000e+01,6.000000000000000000e+01,5.700000000000000000e+01
1.500000000000000000e+01,1.200000000000000000e+01,1.200000000000000000e+01
1.800000000000000000e+01,1.500000000000000000e+01,1.500000000000000000e+01
2.700000000000000000e+01,1.500000000000000000e+01,1.500000000000000000e+01
6.000000000000000000e+01,9.000000000000000000e+00,9.000000000000000000e+00
6.000000000000000000e+01,1.800000000000000000e+01,1.800000000000000000e+01
6.000000000000000000e+01,6.000000000000000000e+01,6.000000000000000000e+01
3.900000000000000000e+01,2.700000000000000000e+01,2.700000000000000000e+01
1.200000000000000000e+01,9.000000000000000000e+00,9.000000000000000000e+00
1.500000000000000000e+01,9.000000000000000000e+00,9.000000000000000000e+00
9.000000000000000000e+00,6.000000000000000000e+00,6.000000000000000000e+00
5.100000000000000000e+01,3.300000000000000000e+01,3.300000000000000000e+01
9.000000000000000000e+00,6.000000000000000000e+00,6.000000000000000000e+00
2.100000000000000000e+01,1.500000000000000000e+01,1.500000000000000000e+01
6.000000000000000000e+01,2.400000000000000000e+01,2.400000000000000000e+01
6.000000000000000000e+01,6.000000000000000000e+01,6.000000000000000000e+01
6.000000000000000000e+01,6.000000000000000000e+01,6.000000000000000000e+01
2.700000000000000000e+01,2.100000000000000000e+01,2.100000000000000000e+01
6.000000000000000000e+01,9.000000000000000000e+00,9.000000000000000000e+00
9.000000000000000000e+00,6.000000000000000000e+00,6.000000000000000000e+00
2.400000000000000000e+01,1.500000000000000000e+01,1.500000000000000000e+01
6.000000000000000000e+01,6.000000000000000000e+01,6.000000000000000000e+01
6.000000000000000000e+01,3.600000000000000000e+01,3.600000000000000000e+01
6.000000000000000000e+01,5.100000000000000000e+01,4.350276340577757850e+01
6.000000000000000000e+01,6.000000000000000000e+01,1.059054351051249299e+01
2.100000000000000000e+01,1.200000000000000000e+01,1.200000000000000000e+01
2.100000000000000000e+01,9.000000000000000000e+00,9.000000000000000000e+00
9.000000000000000000e+00,6.000000000000000000e+00,6.000000000000000000e+00
3.900000000000000000e+01,2.700000000000000000e+01,2.700000000000000000e+01
6.000000000000000000e+01,6.000000000000000000e+01,6.000000000000000000e+01
6.000000000000000000e+01,6.000000000000000000e+00,6.000000000000000000e+00
6.000000000000000000e+00,6.000000000000000000e+00,6.000000000000000000e+00
6.000000000000000000e+01,2.400000000000000000e+01,2.400000000000000000e+01
6.000000000000000000e+01,6.000000000000000000e+01,6.000000000000000000e+01
6.000000000000000000e+01,6.000000000000000000e+01,6.000000000000000000e+01
9.000000000000000000e+00,6.000000000000000000e+00,6.000000000000000000e+00
6.000000000000000000e+01,3.300000000000000000e+01,3.300000000000000000e+01
6.000000000000000000e+01,6.000000000000000000e+01,6.000000000000000000e+01
1.200000000000000000e+01,1.200000000000000000e+01,1.200000000000000000e+01
4.200000000000000000e+01,6.000000000000000000e+01,4.200000000000000000e+01
3.300000000000000000e+01,2.400000000000000000e+01,2.400000000000000000e+01
3.600000000000000000e+01,2.100000000000000000e+01,7.246818547959860801e+00
9.000000000000000000e+00,6.000000000000000000e+00,6.000000000000000000e+00
1.800000000000000000e+01,1.200000000000000000e+01,1.200000000000000000e+01
2.700000000000000000e+01,1.800000000000000000e+01,1.800000000000000000e+01
6.000000000000000000e+01,6.000000000000000000e+01,6.000000000000000000e+01
1.200000000000000000e+01,9.000000000000000000e+00,9.000000000000000000e+00
4.200000000000000000e+01,2.700000000000000000e+01,2.700000000000000000e+01
1.200000000000000000e+01,9.000000000000000000e+00,9.000000000000000000e+00
1.800000000000000000e+01,9.000000000000000000e+00,9.000000000000000000e+00
1.800000000000000000e+01,1.200000000000000000e+01,1.200000000000000000e+01
6.000000000000000000e+00,6.000000000000000000e+00,6.000000000000000000e+00
3.300000000000000000e+01,6.000000000000000000e+01,2.830653114770487022e+01
3.300000000000000000e+01,1.800000000000000000e+01,1.800000000000000000e+01
6.000000000000000000e+01,6.000000000000000000e+01,1.213306236967914309e+01
3.900000000000000000e+01,2.400000000000000000e+01,2.400000000000000000e+01
6.000000000000000000e+01,9.000000000000000000e+00,9.000000000000000000e+00
6.000000000000000000e+01,6.000000000000000000e+01,1.019366171124336518e+01
2.400000000000000000e+01,1.500000000000000000e+01,1.500000000000000000e+01
9.000000000000000000e+00,6.000000000000000000e+00,6.000000000000000000e+00
6.000000000000000000e+01,6.000000000000000000e+01,2.235879239295044840e+01
9.000000000000000000e+00,6.000000000000000000e+00,5.121208501777645417e+00
6.000000000000000000e+00,6.000000000000000000e+00,6.000000000000000000e+00
2.700000000000000000e+01,1.500000000000000000e+01,1.500000000000000000e+01
6.000000000000000000e+01,1.500000000000000000e+01,1.500000000000000000e+01
1.200000000000000000e+01,9.000000000000000000e+00,9.000000000000000000e+00
2.100000000000000000e+01,1.200000000000000000e+01,1.200000000000000000e+01
1.800000000000000000e+01,1.200000000000000000e+01,1.200000000000000000e+01
6.000000000000000000e+01,1.200000000000000000e+01,1.200000000000000000e+01
1.800000000000000000e+01,6.000000000000000000e+01,1.800000000000000000e+01
6.000000000000000000e+00,6.000000000000000000e+00,6.000000000000000000e+00
6.000000000000000000e+01,6.000000000000000000e+00,6.000000000000000000e+00
1.500000000000000000e+01,1.200000000000000000e+01,1.200000000000000000e+01
9.000000000000000000e+00,6.000000000000000000e+00,6.000000000000000000e+00
9.000000000000000000e+00,6.000000000000000000e+00,6.000000000000000000e+00
1.200000000000000000e+01,9.000000000000000000e+00,9.000000000000000000e+00
6.000000000000000000e+01,9.000000000000000000e+00,9.000000000000000000e+00
6.000000000000000000e+01,9.000000000000000000e+00,9.000000000000000000e+00
9.000000000000000000e+00,6.000000000000000000e+00,6.000000000000000000e+00
6.000000000000000000e+01,6.000000000000000000e+01,6.000000000000000000e+01
1.200000000000000000e+01,6.000000000000000000e+00,6.000000000000000000e+00
1.500000000000000000e+01,6.000000000000000000e+01,1.500000000000000000e+01
9.000000000000000000e+00,6.000000000000000000e+00,6.000000000000000000e+00
6.000000000000000000e+01,6.000000000000000000e+01,6.000000000000000000e+01
6.000000000000000000e+01,6.000000000000000000e+00,6.000000000000000000e+00
6.000000000000000000e+01,6.000000000000000000e+01,6.000000000000000000e+01
6.000000000000000000e+01,2.100000000000000000e+01,2.100000000000000000e+01
3.900000000000000000e+01,6.000000000000000000e+01,3.900000000000000000e+01
6.000000000000000000e+01,6.000000000000000000e+01,1.059054351051249299e+01
1.800000000000000000e+01,6.000000000000000000e+01,1.789173973295444853e+01
2.400000000000000000e+01,1.800000000000000000e+01,1.800000000000000000e+01
1.200000000000000000e+01,9.000000000000000000e+00,9.000000000000000000e+00
9.000000000000000000e+00,6.000000000000000000e+00,6.000000000000000000e+00
6.000000000000000000e+01,6.000000000000000000e+01,6.000000000000000000e+01
1.500000000000000000e+01,1.200000000000000000e+01,1.200000000000000000e+01
6.000000000000000000e+01,3.900000000000000000e+01,3.900000000000000000e+01
6.000000000000000000e+01,3.000000000000000000e+01,3.000000000000000000e+01
6.000000000000000000e+01,6.000000000000000000e+00,6.000000000000000000e+00
2.100000000000000000e+01,1.500000000000000000e+01,1.500000000000000000e+01
6.000000000000000000e+01,2.100000000000000000e+01,2.100000000000000000e+01
1.200000000000000000e+01,9.000000000000000000e+00,9.000000000000000000e+00
6.000000000000000000e+01,6.000000000000000000e+01,6.000000000000000000e+01
6.000000000000000000e+01,3.600000000000000000e+01,3.600000000000000000e+01
1.500000000000000000e+01,9.000000000000000000e+00,9.000000000000000000e+00
1.500000000000000000e+01,9.000000000000000000e+00,9.000000000000000000e+00
1.200000000000000000e+01,1.200000000000000000e+01,7.246818547959860801e+00
4.200000000000000000e+01,3.300000000000000000e+01,3.300000000000000000e+01
6.000000000000000000e+00,6.000000000000000000e+00,6.000000000000000000e+00
2.400000000000000000e+01,1.500000000000000000e+01,1.500000000000000000e+01
3.000000000000000000e+01,1.800000000000000000e+01,1.800000000000000000e+01
9.000000000000000000e+00,6.000000000000000000e+01,9.000000000000000000e+00
9.000000000000000000e+00,6.000000000000000000e+00,6.000000000000000000e+00
9.000000000000000000e+00,9.000000000000000000e+00,9.000000000000000000e+00
9.000000000000000000e+00,6.000000000000000000e+00,6.000000000000000000e+00
6.000000000000000000e+01,1.500000000000000000e+01,1.500000000000000000e+01
1.800000000000000000e+01,1.800000000000000000e+01,1.800000000000000000e+01
6.000000000000000000e+01,3.300000000000000000e+01,2.830653114770487022e+01
6.000000000000000000e+01,1.200000000000000000e+01,1.200000000000000000e+01
6.000000000000000000e+01,9.000000000000000000e+00,9.000000000000000000e+00
1.500000000000000000e+01,9.000000000000000000e+00,9.000000000000000000e+00
9.000000000000000000e+00,6.000000000000000000e+00,6.000000000000000000e+00
3.300000000000000000e+01,6.000000000000000000e+01,1.019366171124336518e+01
1.200000000000000000e+01,6.000000000000000000e+00,6.000000000000000000e+00
6.000000000000000000e+00,6.000000000000000000e+00,6.000000000000000000e+00
1.800000000000000000e+01,9.000000000000000000e+00,9.000000000000000000e+00
6.000000000000000000e+00,3.000000000000000000e+00,3.000000000000000000e+00
1.500000000000000000e+01,1.200000000000000000e+01,1.200000000000000000e+01
9.000000000000000000e+00,9.000000000000000000e+00,9.000000000000000000e+00
6.000000000000000000e+01,6.000000000000000000e+01,6.000000000000000000e+01
4.500000000000000000e+01,2.700000000000000000e+01,2.700000000000000000e+01
1.200000000000000000e+01,9.000000000000000000e+00,9.000000000000000000e+00
6.000000000000000000e+01,6.000000000000000000e+01,4.334782497819121261e+01
6.000000000000000000e+01,6.000000000000000000e+01,1.376664453876131944e+01
6.000000000000000000e+00,3.000000000000000000e+00,3.000000000000000000e+00
5.400000000000000000e+01,3.300000000000000000e+01,3.300000000000000000e+01
6.000000000000000000e+01,6.000000000000000000e+01,6.000000000000000000e+01
9.000000000000000000e+00,6.000000000000000000e+01,9.000000000000000000e+00
9.000000000000000000e+00,9.000000000000000000e+00,9.000000000000000000e+00
1.200000000000000000e+01,9.000000000000000000e+00,9.000000000000000000e+00
1.500000000000000000e+01,6.000000000000000000e+01,1.500000000000000000e+01
1.800000000000000000e+01,6.000000000000000000e+01,1.800000000000000000e+01
1.500000000000000000e+01,9.000000000000000000e+00,9.000000000000000000e+00
9.000000000000000000e+00,9.000000000000000000e+00,9.000000000000000000e+00
1.200000000000000000e+01,9.000000000000000000e+00,9.000000000000000000e+00
9.000000000000000000e+00,6.000000000000000000e+00,6.000000000000000000e+00
1.200000000000000000e+01,6.000000000000000000e+00,6.000000000000000000e+00
6.000000000000000000e+01,6.000000000000000000e+01,1.631603772933249275e+01
1.500000000000000000e+01,9.000000000000000000e+00,9.000000000000000000e+00
6.000000000000000000e+01,1.500000000000000000e+01,1.500000000000000000e+01
9.000000000000000000e+00,6.000000000000000000e+00,6.000000000000000000e+00
6.000000000000000000e+01,3.000000000000000000e+01,3.000000000000000000e+01
6.000000000000000000e+01,6.000000000000000000e+01,6.000000000000000000e+01
3.300000000000000000e+01,2.100000000000000000e+01,2.100000000000000000e+01
5.700000000000000000e+01,3.600000000000000000e+01,3.600000000000000000e+01
6.000000000000000000e+01,9.000000000000000000e+00,9.000000000000000000e+00
6.000000000000000000e+00,6.000000000000000000e+00,6.000000000000000000e+00
2.100000000000000000e+01,9.000000000000000000e+00,9.000000000000000000e+00
3.000000000000000000e+00,3.000000000000000000e+00,3.000000000000000000e+00
2.100000000000000000e+01,1.200000000000000000e+01,1.200000000000000000e+01
9.000000000000000000e+00,6.000000000000000000e+00,6.000000000000000000e+00
1.200000000000000000e+01,9.000000000000000000e+00,9.000000000000000000e+00
6.000000000000000000e+01,6.000000000000000000e+01,2.913053376335900779e+01
6.000000000000000000e+01,9.000000000000000000e+00,9.000000000000000000e+00
2.700000000000000000e+01,1.500000000000000000e+01,1.500000000000000000e+01
6.000000000000000000e+00,6.000000000000000000e+00,6.000000000000000000e+00
1.200000000000000000e+01,6.000000000000000000e+00,6.000000000000000000e+00
6.000000000000000000e+01,2.100000000000000000e+01,2.100000000000000000e+01
1.200000000000000000e+01,9.000000000000000000e+00,9.000000000000000000e+00
6.000000000000000000e+01,6.000000000000000000e+00,6.000000000000000000e+00
6.000000000000000000e+01,6.000000000000000000e+01,6.000000000000000000e+01
9.000000000000000000e+00,9.000000000000000000e+00,9.000000000000000000e+00
5.400000000000000000e+01,6.000000000000000000e+01,5.400000000000000000e+01
1.200000000000000000e+01,6.000000000000000000e+00,6.000000000000000000e+00
9.000000000000000000e+00,6.000000000000000000e+00,6.000000000000000000e+00
1.500000000000000000e+01,1.200000000000000000e+01,1.200000000000000000e+01
6.000000000000000000e+01,6.000000000000000000e+01,6.000000000000000000e+01
9.000000000000000000e+00,6.000000000000000000e+00,6.000000000000000000e+00
2.400000000000000000e+01,1.200000000000000000e+01,1.200000000000000000e+01
9.000000000000000000e+00,9.000000000000000000e+00,9.000000000000000000e+00
6.000000000000000000e+01,2.400000000000000000e+01,2.400000000000000000e+01
1.800000000000000000e+01,9.000000000000000000e+00,9.000000000000000000e+00
1.800000000000000000e+01,1.200000000000000000e+01,1.200000000000000000e+01
2.100000000000000000e+01,1.200000000000000000e+01,1.200000000000000000e+01
3.000000000000000000e+01,1.500000000000000000e+01,1.500000000000000000e+01
4.200000000000000000e+01,2.100000000000000000e+01,2.100000000000000000e+01
1.200000000000000000e+01,1.200000000000000000e+01,1.200000000000000000e+01
4.200000000000000000e+01,2.100000000000000000e+01,2.100000000000000000e+01
4.800000000000000000e+01,6.000000000000000000e+01,4.800000000000000000e+01
6.000000000000000000e+01,6.000000000000000000e+01,6.000000000000000000e+01
6.000000000000000000e+01,5.400000000000000000e+01,5.400000000000000000e+01
1.200000000000000000e+01,6.000000000000000000e+00,6.000000000000000000e+00
1.200000000000000000e+01,6.000000000000000000e+00,6.000000000000000000e+00
9.000000000000000000e+00,6.000000000000000000e+01,9.000000000000000000e+00
2.400000000000000000e+01,1.500000000000000000e+01,1.500000000000000000e+01
3.000000000000000000e+01,6.000000000000000000e+01,3.000000000000000000e+01
6.000000000000000000e+01,6.000000000000000000e+01,6.000000000000000000e+01
6.000000000000000000e+01,3.900000000000000000e+01,2.991525668109451175e+01
6.000000000000000000e+00,9.000000000000000000e+00,6.000000000000000000e+00
9.000000000000000000e+00,9.000000000000000000e+00,9.000000000000000000e+00
1.500000000000000000e+01,1.200000000000000000e+01,1.200000000000000000e+01
6.000000000000000000e+01,6.000000000000000000e+01,6.000000000000000000e+01
6.000000000000000000e+01,6.000000000000000000e+01,6.000000000000000000e+01
9.000000000000000000e+00,6.000000000000000000e+00,6.000000000000000000e+00
9.000000000000000000e+00,6.000000000000000000e+00,6.000000000000000000e+00
1.800000000000000000e+01,1.200000000000000000e+01,1.200000000000000000e+01
2.700000000000000000e+01,6.000000000000000000e+01,2.700000000000000000e+01
6.000000000000000000e+01,6.000000000000000000e+01,6.000000000000000000e+01
6.000000000000000000e+01,9.000000000000000000e+00,9.000000000000000000e+00
2.100000000000000000e+01,1.200000000000000000e+01,1.200000000000000000e+01
2.700000000000000000e+01,1.500000000000000000e+01,1.500000000000000000e+01
6.000000000000000000e+01,1.500000000000000000e+01,1.500000000000000000e+01
1.800000000000000000e+01,1.200000000000000000e+01,1.200000000000000000e+01
1.800000000000000000e+01,1.500000000000000000e+01,1.500000000000000000e+01
3.600000000000000000e+01,1.800000000000000000e+01,1.800000000000000000e+01
6.000000000000000000e+01,6.000000000000000000e+00,6.000000000000000000e+00
6.000000000000000000e+00,3.000000000000000000e+00,3.000000000000000000e+00
1.500000000000000000e+01,9.000000000000000000e+00,9.000000000000000000e+00
6.000000000000000000e+01,6.000000000000000000e+01,6.000000000000000000e+01
6.000000000000000000e+01,1.200000000000000000e+01,1.200000000000000000e+01
2.400000000000000000e+01,1.200000000000000000e+01,1.200000000000000000e+01
9.000000000000000000e+00,9.000000000000000000e+00,9.000000000000000000e+00
1.200000000000000000e+01,6.000000000000000000e+00,6.000000000000000000e+00
1.800000000000000000e+01,1.200000000000000000e+01,1.200000000000000000e+01
6.000000000000000000e+01,9.000000000000000000e+00,9.000000000000000000e+00
4.200000000000000000e+01,2.700000000000000000e+01,2.700000000000000000e+01
6.000000000000000000e+01,6.000000000000000000e+01,2.913053376335900779e+01
9.000000000000000000e+00,6.000000000000000000e+00,6.000000000000000000e+00
9.000000000000000000e+00,6.000000000000000000e+00,6.000000000000000000e+00
3.600000000000000000e+01,2.700000000000000000e+01,2.700000000000000000e+01
3.900000000000000000e+01,2.100000000000000000e+01,1.199220691512760695e+01
6.000000000000000000e+01,6.000000000000000000e+01,6.000000000000000000e+01
1.500000000000000000e+01,1.200000000000000000e+01,1.200000000000000000e+01
9.000000000000000000e+00,9.000000000000000000e+00,9.000000000000000000e+00
1.200000000000000000e+01,6.000000000000000000e+00,6.000000000000000000e+00
1.500000000000000000e+01,9.000000000000000000e+00,9.000000000000000000e+00
1.800000000000000000e+01,1.200000000000000000e+01,1.200000000000000000e+01
6.000000000000000000e+01,1.200000000000000000e+01,1.200000000000000000e+01
1.500000000000000000e+01,1.200000000000000000e+01,1.200000000000000000e+01
1.800000000000000000e+01,1.200000000000000000e+01,1.200000000000000000e+01
1.200000000000000000e+01,6.000000000000000000e+00,6.000000000000000000e+00
6.000000000000000000e+01,6.000000000000000000e+01,5.182526019969596831e+01
9.000000000000000000e+00,9.000000000000000000e+00,9.000000000000000000e+00
6.000000000000000000e+01,1.200000000000000000e+01,1.200000000000000000e+01
6.000000000000000000e+01,6.000000000000000000e+01,6.000000000000000000e+01
2.100000000000000000e+01,1.500000000000000000e+01,1.500000000000000000e+01
1.800000000000000000e+01,6.000000000000000000e+01,1.800000000000000000e+01
6.000000000000000000e+01,9.000000000000000000e+00,9.000000000000000000e+00
5.400000000000000000e+01,6.000000000000000000e+01,5.400000000000000000e+01
6.000000000000000000e+01,1.200000000000000000e+01,1.200000000000000000e+01
2.700000000000000000e+01,2.400000000000000000e+01,2.400000000000000000e+01
9.000000000000000000e+00,9.000000000000000000e+00,9.000000000000000000e+00
1.200000000000000000e+01,9.000000000000000000e+00,9.000000000000000000e+00
2.100000000000000000e+01,1.800000000000000000e+01,1.800000000000000000e+01
9.000000000000000000e+00,6.000000000000000000e+00,6.000000000000000000e+00
9.000000000000000000e+00,6.000000000000000000e+00,6.000000000000000000e+00
6.000000000000000000e+01,6.000000000000000000e+00,6.000000000000000000e+00
1.200000000000000000e+01,9.000000000000000000e+00,9.000000000000000000e+00
3.600000000000000000e+01,6.000000000000000000e+01,3.600000000000000000e+01
6.000000000000000000e+01,2.400000000000000000e+01,2.400000000000000000e+01
1.500000000000000000e+01,9.000000000000000000e+00,9.000000000000000000e+00
6.000000000000000000e+01,3.000000000000000000e+01,2.991525668109451175e+01
6.000000000000000000e+01,1.200000000000000000e+01,1.200000000000000000e+01
6.000000000000000000e+01,6.000000000000000000e+01,2.899661713751404335e+01
1.200000000000000000e+01,6.000000000000000000e+01,1.200000000000000000e+01
9.000000000000000000e+00,6.000000000000000000e+00,6.000000000000000000e+00
6.000000000000000000e+01,6.000000000000000000e+00,6.000000000000000000e+00
6.000000000000000000e+01,9.000000000000000000e+00,9.000000000000000000e+00
2.100000000000000000e+01,1.500000000000000000e+01,1.500000000000000000e+01
6.000000000000000000e+00,3.000000000000000000e+00,3.000000000000000000e+00
6.000000000000000000e+01,5.700000000000000000e+01,5.700000000000000000e+01
1.800000000000000000e+01,9.000000000000000000e+00,9.000000000000000000e+00
1.800000000000000000e+01,9.000000000000000000e+00,9.000000000000000000e+00
6.000000000000000000e+00,6.000000000000000000e+00,6.000000000000000000e+00
1.500000000000000000e+01,6.000000000000000000e+01,1.500000000000000000e+01
6.000000000000000000e+01,9.000000000000000000e+00,9.000000000000000000e+00
9.000000000000000000e+00,6.000000000000000000e+00,6.000000000000000000e+00
6.000000000000000000e+01,5.700000000000000000e+01,5.700000000000000000e+01
1.500000000000000000e+01,1.200000000000000000e+01,1.200000000000000000e+01
6.000000000000000000e+01,5.400000000000000000e+01,5.400000000000000000e+01
6.000000000000000000e+01,9.000000000000000000e+00,9.000000000000000000e+00
1.800000000000000000e+01,9.000000000000000000e+00,9.000000000000000000e+00
6.000000000000000000e+01,9.000000000000000000e+00,9.000000000000000000e+00
6.000000000000000000e+01,3.000000000000000000e+00,3.000000000000000000e+00
3.600000000000000000e+01,2.400000000000000000e+01,2.400000000000000000e+01
6.000000000000000000e+01,6.000000000000000000e+01,1.892472738345964345e+01
3.900000000000000000e+01,1.800000000000000000e+01,1.671096760247874258e+01
9.000000000000000000e+00,9.000000000000000000e+00,9.000000000000000000e+00
6.000000000000000000e+01,3.900000000000000000e+01,3.900000000000000000e+01
9.000000000000000000e+00,9.000000000000000000e+00,9.000000000000000000e+00
6.000000000000000000e+00,6.000000000000000000e+00,6.000000000000000000e+00
1.800000000000000000e+01,1.200000000000000000e+01,1.200000000000000000e+01
6.000000000000000000e+01,1.200000000000000000e+01,1.200000000000000000e+01
1.500000000000000000e+01,9.000000000000000000e+00,9.000000000000000000e+00
6.000000000000000000e+00,6.000000000000000000e+00,5.966666666666666785e+00
3.300000000000000000e+01,2.100000000000000000e+01,2.100000000000000000e+01
6.000000000000000000e+01,6.000000000000000000e+01,6.000000000000000000e+01
1.500000000000000000e+01,9.000000000000000000e+00,9.000000000000000000e+00
9.000000000000000000e+00,9.000000000000000000e+00,9.000000000000000000e+00
5.100000000000000000e+01,3.000000000000000000e+01,1.963070800739274446e+01
6.000000000000000000e+01,6.000000000000000000e+01,6.000000000000000000e+01
1.500000000000000000e+01,9.000000000000000000e+00,9.000000000000000000e+00
1.800000000000000000e+01,6.000000000000000000e+01,1.800000000000000000e+01
3.900000000000000000e+01,2.400000000000000000e+01,2.400000000000000000e+01
1.500000000000000000e+01,1.200000000000000000e+01,1.200000000000000000e+01
2.400000000000000000e+01,1.500000000000000000e+01,1.500000000000000000e+01
6.000000000000000000e+01,4.500000000000000000e+01,4.500000000000000000e+01
1.500000000000000000e+01,9.000000000000000000e+00,9.000000000000000000e+00
9.000000000000000000e+00,6.000000000000000000e+00,6.000000000000000000e+00
6.000000000000000000e+01,9.000000000000000000e+00,9.000000000000000000e+00
1.800000000000000000e+01,1.200000000000000000e+01,1.200000000000000000e+01
1.200000000000000000e+01,9.000000000000000000e+00,9.000000000000000000e+00
6.000000000000000000e+01,5.100000000000000000e+01,5.100000000000000000e+01
6.000000000000000000e+01,6.000000000000000000e+01,2.753335904889044627e+01
2.700000000000000000e+01,6.000000000000000000e+01,2.700000000000000000e+01
9.000000000000000000e+00,6.000000000000000000e+00,6.000000000000000000e+00
1.200000000000000000e+01,9.000000000000000000e+00,9.000000000000000000e+00
1.500000000000000000e+01,1.200000000000000000e+01,1.200000000000000000e+01
9.000000000000000000e+00,6.000000000000000000e+00,6.000000000000000000e+00
4.200000000000000000e+01,3.000000000000000000e+01,3.000000000000000000e+01
1.200000000000000000e+01,9.000000000000000000e+00,9.000000000000000000e+00
2.400000000000000000e+01,1.500000000000000000e+01,1.500000000000000000e+01
1.200000000000000000e+01,6.000000000000000000e+00,6.000000000000000000e+00
6.000000000000000000e+01,6.000000000000000000e+01,3.459834324947225070e+01
5.100000000000000000e+01,3.300000000000000000e+01,3.300000000000000000e+01
6.000000000000000000e+01,2.100000000000000000e+01,2.100000000000000000e+01
2.100000000000000000e+01,1.200000000000000000e+01,1.200000000000000000e+01
1.800000000000000000e+01,1.200000000000000000e+01,1.200000000000000000e+01
6.000000000000000000e+01,6.000000000000000000e+01,6.000000000000000000e+01
9.000000000000000000e+00,9.000000000000000000e+00,9.000000000000000000e+00
3.000000000000000000e+01,2.100000000000000000e+01,2.100000000000000000e+01
6.000000000000000000e+01,6.000000000000000000e+00,6.000000000000000000e+00
3.600000000000000000e+01,1.800000000000000000e+01,1.800000000000000000e+01
6.000000000000000000e+01,1.200000000000000000e+01,1.200000000000000000e+01
6.000000000000000000e+01,9.000000000000000000e+00,9.000000000000000000e+00
4.500000000000000000e+01,2.100000000000000000e+01,2.100000000000000000e+01
6.000000000000000000e+01,1.200000000000000000e+01,1.200000000000000000e+01
6.000000000000000000e+01,1.500000000000000000e+01,1.500000000000000000e+01
3.000000000000000000e+01,6.000000000000000000e+01,3.000000000000000000e+01
1.800000000000000000e+01,1.500000000000000000e+01,1.500000000000000000e+01
6.000000000000000000e+00,3.000000000000000000e+00,3.000000000000000000e+00
2.700000000000000000e+01,6.000000000000000000e+01,2.700000000000000000e+01
6.000000000000000000e+01,5.400000000000000000e+01,5.400000000000000000e+01
6.000000000000000000e+01,3.900000000000000000e+01,3.900000000000000000e+01
9.000000000000000000e+00,6.000000000000000000e+00,6.000000000000000000e+00
6.000000000000000000e+01,1.200000000000000000e+01,1.200000000000000000e+01
9.000000000000000000e+00,9.000000000000000000e+00,9.000000000000000000e+00
6.000000000000000000e+01,6.000000000000000000e+01,6.000000000000000000e+01
9.000000000000000000e+00,6.000000000000000000e+00,6.000000000000000000e+00
6.000000000000000000e+01,6.000000000000000000e+01,1.892472738345964345e+01
3.000000000000000000e+01,1.800000000000000000e+01,1.671096760247874258e+01
6.000000000000000000e+00,6.000000000000000000e+00,6.000000000000000000e+00
1.200000000000000000e+01,6.000000000000000000e+01,1.200000000000000000e+01
6.000000000000000000e+01,9.000000000000000000e+00,9.000000000000000000e+00
6.000000000000000000e+01,6.000000000000000000e+01,2.913053376335900779e+01
1.500000000000000000e+01,1.200000000000000000e+01,1.200000000000000000e+01
6.000000000000000000e+01,6.000000000000000000e+01,5.904624770511972542e+01
5.400000000000000000e+01,3.000000000000000000e+01,3.000000000000000000e+01
6.000000000000000000e+01,6.000000000000000000e+01,1.199220691512760695e+01
9.000000000000000000e+00,6.000000000000000000e+00,6.000000000000000000e+00
1.200000000000000000e+01,9.000000000000000000e+00,9.000000000000000000e+00
6.000000000000000000e+01,6.000000000000000000e+01,2.929854412307002320e+01
1.200000000000000000e+01,9.000000000000000000e+00,9.000000000000000000e+00
9.000000000000000000e+00,6.000000000000000000e+00,6.000000000000000000e+00
9.000000000000000000e+00,6.000000000000000000e+00,6.000000000000000000e+00
6.000000000000000000e+01,6.000000000000000000e+00,6.000000000000000000e+00
6.000000000000000000e+01,6.000000000000000000e+01,6.000000000000000000e+01
2.400000000000000000e+01,1.800000000000000000e+01,1.800000000000000000e+01
6.000000000000000000e+01,6.000000000000000000e+01,6.000000000000000000e+01
6.000000000000000000e+01,6.000000000000000000e+01,5.182526019969596831e+01
6.000000000000000000e+01,6.000000000000000000e+01,6.000000000000000000e+01
6.000000000000000000e+01,6.000000000000000000e+01,6.000000000000000000e+01
3.300000000000000000e+01,1.800000000000000000e+01,1.800000000000000000e+01
1.200000000000000000e+01,9.000000000000000000e+00,9.000000000000000000e+00
1.200000000000000000e+01,9.000000000000000000e+00,9.000000000000000000e+00
6.000000000000000000e+01,6.000000000000000000e+01,2.338353484508999713e+01
1.800000000000000000e+01,6.000000000000000000e+01,1.800000000000000000e+01
3.300000000000000000e+01,1.800000000000000000e+01,1.800000000000000000e+01
9.000000000000000000e+00,6.000000000000000000e+00,6.000000000000000000e+00
1.500000000000000000e+01,1.200000000000000000e+01,1.200000000000000000e+01
1.200000000000000000e+01,6.000000000000000000e+01,1.200000000000000000e+01
1.200000000000000000e+01,6.000000000000000000e+00,6.000000000000000000e+00
4.200000000000000000e+01,6.000000000000000000e+01,4.200000000000000000e+01
6.000000000000000000e+01,4.200000000000000000e+01,4.200000000000000000e+01
3.600000000000000000e+01,6.000000000000000000e+01,3.600000000000000000e+01
6.000000000000000000e+01,1.500000000000000000e+01,1.500000000000000000e+01
2.100000000000000000e+01,6.000000000000000000e+01,2.100000000000000000e+01
3.600000000000000000e+01,2.700000000000000000e+01,2.700000000000000000e+01
6.000000000000000000e+01,6.000000000000000000e+01,6.000000000000000000e+01
6.000000000000000000e+01,9.000000000000000000e+00,9.000000000000000000e+00
2.400000000000000000e+01,1.800000000000000000e+01,1.800000000000000000e+01
6.000000000000000000e+01,1.500000000000000000e+01,1.500000000000000000e+01
6.000000000000000000e+00,6.000000000000000000e+01,6.000000000000000000e+00
3.900000000000000000e+01,3.000000000000000000e+01,3.000000000000000000e+01
9.000000000000000000e+00,6.000000000000000000e+01,9.000000000000000000e+00
1.800000000000000000e+01,1.200000000000000000e+01,1.200000000000000000e+01
5.400000000000000000e+01,2.700000000000000000e+01,2.700000000000000000e+01
2.100000000000000000e+01,1.500000000000000000e+01,1.500000000000000000e+01
6.000000000000000000e+01,9.000000000000000000e+00,9.000000000000000000e+00
3.000000000000000000e+01,1.800000000000000000e+01,1.800000000000000000e+01
9.000000000000000000e+00,6.000000000000000000e+01,9.000000000000000000e+00
1.200000000000000000e+01,6.000000000000000000e+00,6.000000000000000000e+00
1.200000000000000000e+01,9.000000000000000000e+00,9.000000000000000000e+00
6.000000000000000000e+01,1.800000000000000000e+01,1.800000000000000000e+01
1.200000000000000000e+01,6.000000000000000000e+01,1.200000000000000000e+01
6.000000000000000000e+00,6.000000000000000000e+00,6.000000000000000000e+00
