4.200000000000000000e+01,6.000000000000000000e+01,3.489755624257632149e+01
1.200000000000000000e+01,6.000000000000000000e+01,1.200000000000000000e+01
6.000000000000000000e+01,6.000000000000000000e+01,6.000000000000000000e+01
6.000000000000000000e+01,1.500000000000000000e+01,1.500000000000000000e+01
6.000000000000000000e+01,9.000000000000000000e+00,9.000000000000000000e+00
3.000000000000000000e+01,6.000000000000000000e+01,3.000000000000000000e+01
6.000000000000000000e+01,6.000000000000000000e+01,6.000000000000000000e+01
6.000000000000000000e+01,6.000000000000000000e+01,5.019322238038665063e+01
2.400000000000000000e+01,1.200000000000000000e+01,1.200000000000000000e+01
2.400000000000000000e+01,1.800000000000000000e+01,1.800000000000000000e+01
6.000000000000000000e+01,2.400000000000000000e+01,2.400000000000000000e+01
6.000000000000000000e+01,6.000000000000000000e+01,6.000000000000000000e+01
1.200000000000000000e+01,9.000000000000000000e+00,6.660912012391052350e+00
6.000000000000000000e+01,9.000000000000000000e+00,9.000000000000000000e+00
6.000000000000000000e+01,6.000000000000000000e+01,6.000000000000000000e+01
2.100000000000000000e+01,1.200000000000000000e+01,7.513532982312383979e+00
6.000000000000000000e+01,6.000000000000000000e+01,5.549638904334278067e+01
6.000000000000000000e+01,3.000000000000000000e+01,3.000000000000000000e+01
6.000000000000000000e+01,6.000000000000000000e+01,6.000000000000000000e+01
1.500000000000000000e+01,1.200000000000000000e+01,1.200000000000000000e+01
2.100000000000000000e+01,6.000000000000000000e+01,2.100000000000000000e+01
6.000000000000000000e+01,6.000000000000000000e+01,6.000000000000000000e+01
6.000000000000000000e+01,6.000000000000000000e+01,6.000000000000000000e+01
2.100000000000000000e+01,1.500000000000000000e+01,1.500000000000000000e+01
6.000000000000000000e+01,6.000000000000000000e+01,6.000000000000000000e+01
6.000000000000000000e+01,2.400000000000000000e+01,1.918512569766748754e+01
1.800000000000000000e+01,9.000000000000000000e+00,9.000000000000000000e+00
2.700000000000000000e+01,6.000000000000000000e+01,2.700000000000000000e+01
6.000000000000000000e+01,6.000000000000000000e+01,6.000000000000000000e+01
6.000000000000000000e+01,6.000000000000000000e+01,6.000000000000000000e+01
6.000000000000000000e+01,6.000000000000000000e+01,4.164181623184813219e+01
6.000000000000000000e+01,6.000000000000000000e+01,5.563755238128772618e+01
6.000000000000000000e+01,6.000000000000000000e+01,7.026402592659785284e+00
1.500000000000000000e+01,6.000000000000000000e+01,1.500000000000000000e+01
6.000000000000000000e+01,6.000000000000000000e+01,6.000000000000000000e+01
6.000000000000000000e+01,2.100000000000000000e+01,2.100000000000000000e+01
6.000000000000000000e+01,6.000000000000000000e+01,6.000000000000000000e+01
6.000000000000000000e+01,6.000000000000000000e+01,6.000000000000000000e+01
6.000000000000000000e+01,1.200000000000000000e+01,1.200000000000000000e+01
6.000000000000000000e+01,6.000000000000000000e+01,3.842389493300641590e+01
6.000000000000000000e+01,6.000000000000000000e+01,6.000000000000000000e+01
4.200000000000000000e+01,6.000000000000000000e+01,4.200000000000000000e+01
1.500000000000000000e+01,6.000000000000000000e+01,1.500000000000000000e+01
6.000000000000000000e+01,6.000000000000000000e+01,1.590899548561997179e+01
2.100000000000000000e+01,1.800000000000000000e+01,1.800000000000000000e+01
6.000000000000000000e+01,6.000000000000000000e+01,2.472493682966283135e+00
2.700000000000000000e+01,6.000000000000000000e+01,2.700000000000000000e+01
9.000000000000000000e+00,9.000000000000000000e+00,9.000000000000000000e+00
6.000000000000000000e+01,6.000000000000000000e+01,6.000000000000000000e+01
6.000000000000000000e+01,1.200000000000000000e+01,1.200000000000000000e+01
6.000000000000000000e+01,9.000000000000000000e+00,9.000000000000000000e+00
4.200000000000000000e+01,6.000000000000000000e+01,4.200000000000000000e+01
6.000000000000000000e+01,6.000000000000000000e+01,1.620107680677966755e+01
6.000000000000000000e+01,6.000000000000000000e+01,6.000000000000000000e+01
6.000000000000000000e+01,6.000000000000000000e+01,6.000000000000000000e+01
3.000000000000000000e+01,1.800000000000000000e+01,1.800000000000000000e+01
6.000000000000000000e+01,6.000000000000000000e+01,6.000000000000000000e+01
5.700000000000000000e+01,3.000000000000000000e+01,3.000000000000000000e+01
1.200000000000000000e+01,6.000000000000000000e+01,1.200000000000000000e+01
6.000000000000000000e+01,1.200000000000000000e+01,1.200000000000000000e+01
6.000000000000000000e+01,6.000000000000000000e+01,3.782752118605462233e+00
6.000000000000000000e+01,4.800000000000000000e+01,4.800000000000000000e+01
3.000000000000000000e+01,6.000000000000000000e+01,3.000000000000000000e+01
5.100000000000000000e+01,6.000000000000000000e+01,5.100000000000000000e+01
6.000000000000000000e+01,5.700000000000000000e+01,3.489755624257632149e+01
6.000000000000000000e+01,6.000000000000000000e+01,5.477842088403523491e+01
6.000000000000000000e+01,6.000000000000000000e+01,6.000000000000000000e+01
6.000000000000000000e+01,6.000000000000000000e+01,6.000000000000000000e+01
4.800000000000000000e+01,2.700000000000000000e+01,2.700000000000000000e+01
3.900000000000000000e+01,2.100000000000000000e+01,2.100000000000000000e+01
6.000000000000000000e+01,1.800000000000000000e+01,1.800000000000000000e+01
3.300000000000000000e+01,1.800000000000000000e+01,1.800000000000000000e+01
6.000000000000000000e+01,6.000000000000000000e+01,6.000000000000000000e+01
6.000000000000000000e+01,6.000000000000000000e+01,6.000000000000000000e+01
6.000000000000000000e+01,6.000000000000000000e+01,6.000000000000000000e+01
1.800000000000000000e+01,1.200000000000000000e+01,1.200000000000000000e+01
3.000000000000000000e+01,2.100000000000000000e+01,6.660912012391052350e+00
6.000000000000000000e+01,9.000000000000000000e+00,9.000000000000000000e+00
9.000000000000000000e+00,9.000000000000000000e+00,9.000000000000000000e+00
5.400000000000000000e+01,2.700000000000000000e+01,7.513532982312383979e+00
1.800000000000000000e+01,1.200000000000000000e+01,1.200000000000000000e+01
5.700000000000000000e+01,3.600000000000000000e+01,3.600000000000000000e+01
6.000000000000000000e+01,6.000000000000000000e+01,6.000000000000000000e+01
6.000000000000000000e+01,6.000000000000000000e+01,6.000000000000000000e+01
2.700000000000000000e+01,1.800000000000000000e+01,1.800000000000000000e+01
6.000000000000000000e+01,6.000000000000000000e+01,6.000000000000000000e+01
6.000000000000000000e+01,4.200000000000000000e+01,4.200000000000000000e+01
6.000000000000000000e+01,6.000000000000000000e+01,6.000000000000000000e+01
6.000000000000000000e+01,6.000000000000000000e+01,6.000000000000000000e+01
6.000000000000000000e+01,6.000000000000000000e+01,1.918512569766748754e+01
1.500000000000000000e+01,6.000000000000000000e+01,1.500000000000000000e+01
1.500000000000000000e+01,6.000000000000000000e+00,6.000000000000000000e+00
6.000000000000000000e+01,1.500000000000000000e+01,1.500000000000000000e+01
6.000000000000000000e+01,1.500000000000000000e+01,1.500000000000000000e+01
9.000000000000000000e+00,9.000000000000000000e+00,9.000000000000000000e+00
6.000000000000000000e+01,6.000000000000000000e+01,5.563755238128772618e+01
6.000000000000000000e+01,2.100000000000000000e+01,7.026402592659785284e+00
6.000000000000000000e+01,6.000000000000000000e+01,5.198393481209892997e+01
6.000000000000000000e+01,3.300000000000000000e+01,3.300000000000000000e+01
6.000000000000000000e+01,6.000000000000000000e+01,6.000000000000000000e+01
4.200000000000000000e+01,3.000000000000000000e+01,3.000000000000000000e+01
2.100000000000000000e+01,1.800000000000000000e+01,1.800000000000000000e+01
6.000000000000000000e+01,9.000000000000000000e+00,9.000000000000000000e+00
6.000000000000000000e+01,4.200000000000000000e+01,3.842389493300641590e+01
1.800000000000000000e+01,1.200000000000000000e+01,1.200000000000000000e+01
4.200000000000000000e+01,2.700000000000000000e+01,2.700000000000000000e+01
6.000000000000000000e+01,9.000000000000000000e+00,9.000000000000000000e+00
9.000000000000000000e+00,6.000000000000000000e+00,6.000000000000000000e+00
6.000000000000000000e+01,6.000000000000000000e+01,6.000000000000000000e+01
6.000000000000000000e+01,1.500000000000000000e+01,2.472493682966283135e+00
6.000000000000000000e+01,6.000000000000000000e+01,6.000000000000000000e+01
6.000000000000000000e+01,9.000000000000000000e+00,9.000000000000000000e+00
6.000000000000000000e+01,6.000000000000000000e+01,6.000000000000000000e+01
9.000000000000000000e+00,6.000000000000000000e+00,6.000000000000000000e+00
6.000000000000000000e+01,1.200000000000000000e+01,1.200000000000000000e+01
4.200000000000000000e+01,2.100000000000000000e+01,2.100000000000000000e+01
6.000000000000000000e+01,2.100000000000000000e+01,1.620107680677966755e+01
6.000000000000000000e+01,6.000000000000000000e+01,6.000000000000000000e+01
6.000000000000000000e+01,6.000000000000000000e+01,6.000000000000000000e+01
1.800000000000000000e+01,9.000000000000000000e+00,9.000000000000000000e+00
6.000000000000000000e+01,5.100000000000000000e+01,5.100000000000000000e+01
3.900000000000000000e+01,2.100000000000000000e+01,2.100000000000000000e+01
6.000000000000000000e+01,6.000000000000000000e+01,6.000000000000000000e+01
6.000000000000000000e+01,6.000000000000000000e+01,5.098490118051250874e+01
6.000000000000000000e+01,6.000000000000000000e+01,3.782752118605462233e+00
2.400000000000000000e+01,1.200000000000000000e+01,1.200000000000000000e+01
2.400000000000000000e+01,1.200000000000000000e+01,1.200000000000000000e+01
6.000000000000000000e+01,6.000000000000000000e+01,6.000000000000000000e+01
4.500000000000000000e+01,2.700000000000000000e+01,2.700000000000000000e+01
6.000000000000000000e+01,1.500000000000000000e+01,1.500000000000000000e+01
2.700000000000000000e+01,1.500000000000000000e+01,1.500000000000000000e+01
3.000000000000000000e+01,6.000000000000000000e+01,3.000000000000000000e+01
3.900000000000000000e+01,6.000000000000000000e+01,3.900000000000000000e+01
1.500000000000000000e+01,9.000000000000000000e+00,9.000000000000000000e+00
6.000000000000000000e+01,6.000000000000000000e+01,6.000000000000000000e+01
6.000000000000000000e+01,5.400000000000000000e+01,5.019322238038665063e+01
6.000000000000000000e+01,2.700000000000000000e+01,2.700000000000000000e+01
3.900000000000000000e+01,6.000000000000000000e+01,3.900000000000000000e+01
6.000000000000000000e+01,6.000000000000000000e+01,6.000000000000000000e+01
3.000000000000000000e+01,2.100000000000000000e+01,2.100000000000000000e+01
1.200000000000000000e+01,9.000000000000000000e+00,6.660912012391052350e+00
6.000000000000000000e+01,6.000000000000000000e+01,1.518302793418671293e+01
6.000000000000000000e+01,1.500000000000000000e+01,1.500000000000000000e+01
4.200000000000000000e+01,6.000000000000000000e+01,7.513532982312383979e+00
1.800000000000000000e+01,1.200000000000000000e+01,1.200000000000000000e+01
2.100000000000000000e+01,1.200000000000000000e+01,1.200000000000000000e+01
6.000000000000000000e+01,2.100000000000000000e+01,2.100000000000000000e+01
6.000000000000000000e+01,6.000000000000000000e+01,6.000000000000000000e+01
2.100000000000000000e+01,1.500000000000000000e+01,1.500000000000000000e+01
6.000000000000000000e+01,1.200000000000000000e+01,1.200000000000000000e+01
6.000000000000000000e+01,9.000000000000000000e+00,9.000000000000000000e+00
2.400000000000000000e+01,6.000000000000000000e+01,2.400000000000000000e+01
6.000000000000000000e+01,6.000000000000000000e+01,6.000000000000000000e+01
6.000000000000000000e+01,6.000000000000000000e+01,1.918512569766748754e+01
6.000000000000000000e+01,6.000000000000000000e+01,6.000000000000000000e+01
2.400000000000000000e+01,1.500000000000000000e+01,1.500000000000000000e+01
6.000000000000000000e+01,1.200000000000000000e+01,1.200000000000000000e+01
6.000000000000000000e+01,6.000000000000000000e+01,6.000000000000000000e+01
1.800000000000000000e+01,1.200000000000000000e+01,1.200000000000000000e+01
1.500000000000000000e+01,6.000000000000000000e+01,1.500000000000000000e+01
6.000000000000000000e+01,6.000000000000000000e+01,7.026402592659785284e+00
6.000000000000000000e+01,3.300000000000000000e+01,3.300000000000000000e+01
3.000000000000000000e+01,1.500000000000000000e+01,1.500000000000000000e+01
6.000000000000000000e+01,6.000000000000000000e+01,6.000000000000000000e+01
2.700000000000000000e+01,1.500000000000000000e+01,1.500000000000000000e+01
6.000000000000000000e+01,6.000000000000000000e+01,6.000000000000000000e+01
4.800000000000000000e+01,6.000000000000000000e+01,2.405037804705363058e+01
6.000000000000000000e+01,3.300000000000000000e+01,3.300000000000000000e+01
6.000000000000000000e+01,6.000000000000000000e+01,6.000000000000000000e+01
6.000000000000000000e+01,6.000000000000000000e+01,6.000000000000000000e+01
6.000000000000000000e+01,6.000000000000000000e+01,6.000000000000000000e+01
6.000000000000000000e+01,9.000000000000000000e+00,9.000000000000000000e+00
1.200000000000000000e+01,9.000000000000000000e+00,9.000000000000000000e+00
6.000000000000000000e+01,6.000000000000000000e+01,2.472493682966283135e+00
6.000000000000000000e+01,6.000000000000000000e+01,6.000000000000000000e+01
2.700000000000000000e+01,2.100000000000000000e+01,2.100000000000000000e+01
6.000000000000000000e+01,3.600000000000000000e+01,3.600000000000000000e+01
6.000000000000000000e+01,6.000000000000000000e+01,6.000000000000000000e+01
3.000000000000000000e+01,1.800000000000000000e+01,1.800000000000000000e+01
3.300000000000000000e+01,1.800000000000000000e+01,1.800000000000000000e+01
6.000000000000000000e+01,6.000000000000000000e+01,1.620107680677966755e+01
6.000000000000000000e+01,6.000000000000000000e+01,6.000000000000000000e+01
6.000000000000000000e+01,6.000000000000000000e+01,6.000000000000000000e+01
6.000000000000000000e+01,6.000000000000000000e+01,6.000000000000000000e+01
6.000000000000000000e+00,6.000000000000000000e+00,6.000000000000000000e+00
6.000000000000000000e+01,9.000000000000000000e+00,9.000000000000000000e+00
6.000000000000000000e+01,6.000000000000000000e+01,6.000000000000000000e+01
6.000000000000000000e+01,1.500000000000000000e+01,1.500000000000000000e+01
3.300000000000000000e+01,2.100000000000000000e+01,3.782752118605462233e+00
5.700000000000000000e+01,6.000000000000000000e+01,5.700000000000000000e+01
3.900000000000000000e+01,6.000000000000000000e+01,3.900000000000000000e+01
6.000000000000000000e+01,6.000000000000000000e+01,6.000000000000000000e+01
9.000000000000000000e+00,9.000000000000000000e+00,9.000000000000000000e+00
6.000000000000000000e+01,6.000000000000000000e+01,5.477842088403523491e+01
6.000000000000000000e+01,6.000000000000000000e+01,6.000000000000000000e+01
6.000000000000000000e+01,6.000000000000000000e+01,6.000000000000000000e+01
2.100000000000000000e+01,1.800000000000000000e+01,1.800000000000000000e+01
9.000000000000000000e+00,6.000000000000000000e+01,9.000000000000000000e+00
2.100000000000000000e+01,1.200000000000000000e+01,1.200000000000000000e+01
6.000000000000000000e+01,1.800000000000000000e+01,1.800000000000000000e+01
6.000000000000000000e+01,1.800000000000000000e+01,1.800000000000000000e+01
6.000000000000000000e+01,6.000000000000000000e+01,6.000000000000000000e+01
2.100000000000000000e+01,6.000000000000000000e+01,2.100000000000000000e+01
2.700000000000000000e+01,1.500000000000000000e+01,1.500000000000000000e+01
6.000000000000000000e+01,6.000000000000000000e+01,6.660912012391052350e+00
6.000000000000000000e+01,6.000000000000000000e+01,1.518302793418671293e+01
6.000000000000000000e+01,6.000000000000000000e+01,6.000000000000000000e+01
1.500000000000000000e+01,6.000000000000000000e+01,7.513532982312383979e+00
6.000000000000000000e+01,6.000000000000000000e+01,5.549638904334278067e+01
6.000000000000000000e+01,2.100000000000000000e+01,2.100000000000000000e+01
3.000000000000000000e+01,2.100000000000000000e+01,2.100000000000000000e+01
9.000000000000000000e+00,6.000000000000000000e+01,9.000000000000000000e+00
2.100000000000000000e+01,6.000000000000000000e+01,2.100000000000000000e+01
6.000000000000000000e+01,1.200000000000000000e+01,1.200000000000000000e+01
6.000000000000000000e+01,6.000000000000000000e+01,6.000000000000000000e+01
6.000000000000000000e+01,1.500000000000000000e+01,1.500000000000000000e+01
1.500000000000000000e+01,6.000000000000000000e+01,1.500000000000000000e+01
6.000000000000000000e+01,2.100000000000000000e+01,1.918512569766748754e+01
6.000000000000000000e+01,6.000000000000000000e+01,6.000000000000000000e+01
1.200000000000000000e+01,6.000000000000000000e+01,1.200000000000000000e+01
6.000000000000000000e+01,4.200000000000000000e+01,4.200000000000000000e+01
1.500000000000000000e+01,9.000000000000000000e+00,9.000000000000000000e+00
6.000000000000000000e+01,6.000000000000000000e+01,4.164181623184813219e+01
6.000000000000000000e+01,6.000000000000000000e+01,5.563755238128772618e+01
2.100000000000000000e+01,1.500000000000000000e+01,7.026402592659785284e+00
1.200000000000000000e+01,9.000000000000000000e+00,9.000000000000000000e+00
1.200000000000000000e+01,6.000000000000000000e+01,1.200000000000000000e+01
6.000000000000000000e+01,1.500000000000000000e+01,1.500000000000000000e+01
1.800000000000000000e+01,9.000000000000000000e+00,9.000000000000000000e+00
1.500000000000000000e+01,1.200000000000000000e+01,1.200000000000000000e+01
1.200000000000000000e+01,1.200000000000000000e+01,1.200000000000000000e+01
2.100000000000000000e+01,1.500000000000000000e+01,1.500000000000000000e+01
6.000000000000000000e+01,6.000000000000000000e+01,6.000000000000000000e+01
2.100000000000000000e+01,1.200000000000000000e+01,1.200000000000000000e+01
3.900000000000000000e+01,2.400000000000000000e+01,2.400000000000000000e+01
3.600000000000000000e+01,6.000000000000000000e+01,1.590899548561997179e+01
6.000000000000000000e+01,6.000000000000000000e+01,6.000000000000000000e+01
6.000000000000000000e+01,6.000000000000000000e+01,2.472493682966283135e+00
3.000000000000000000e+01,2.100000000000000000e+01,2.100000000000000000e+01
6.000000000000000000e+01,5.700000000000000000e+01,3.575613062848866264e+01
6.000000000000000000e+01,3.600000000000000000e+01,3.600000000000000000e+01
6.000000000000000000e+01,1.200000000000000000e+01,1.200000000000000000e+01
6.000000000000000000e+01,5.700000000000000000e+01,5.700000000000000000e+01
1.200000000000000000e+01,6.000000000000000000e+00,6.000000000000000000e+00
6.000000000000000000e+01,6.000000000000000000e+01,1.620107680677966755e+01
6.000000000000000000e+01,1.200000000000000000e+01,1.200000000000000000e+01
3.300000000000000000e+01,6.000000000000000000e+01,3.300000000000000000e+01
3.000000000000000000e+01,6.000000000000000000e+01,3.000000000000000000e+01
6.000000000000000000e+01,6.000000000000000000e+00,6.000000000000000000e+00
6.000000000000000000e+01,6.000000000000000000e+01,6.000000000000000000e+01
6.000000000000000000e+01,1.500000000000000000e+01,1.500000000000000000e+01
6.000000000000000000e+01,6.000000000000000000e+01,5.098490118051250874e+01
6.000000000000000000e+01,6.000000000000000000e+01,3.782752118605462233e+00
4.500000000000000000e+01,2.700000000000000000e+01,2.700000000000000000e+01
2.400000000000000000e+01,1.500000000000000000e+01,1.500000000000000000e+01
6.000000000000000000e+01,6.000000000000000000e+01,6.000000000000000000e+01
2.400000000000000000e+01,1.200000000000000000e+01,1.200000000000000000e+01
2.100000000000000000e+01,1.200000000000000000e+01,1.200000000000000000e+01
6.000000000000000000e+01,2.400000000000000000e+01,2.400000000000000000e+01
6.000000000000000000e+01,6.000000000000000000e+01,6.000000000000000000e+01
4.200000000000000000e+01,2.700000000000000000e+01,1.765819198432773618e+01
3.300000000000000000e+01,1.500000000000000000e+01,1.500000000000000000e+01
6.000000000000000000e+01,6.000000000000000000e+01,6.000000000000000000e+01
2.700000000000000000e+01,2.400000000000000000e+01,2.400000000000000000e+01
6.000000000000000000e+01,6.000000000000000000e+01,6.000000000000000000e+01
1.800000000000000000e+01,1.200000000000000000e+01,1.200000000000000000e+01
6.000000000000000000e+01,1.500000000000000000e+01,1.500000000000000000e+01
2.100000000000000000e+01,1.200000000000000000e+01,1.200000000000000000e+01
6.000000000000000000e+01,6.000000000000000000e+01,6.000000000000000000e+01
4.500000000000000000e+01,2.700000000000000000e+01,9.660515807713300873e+00
4.500000000000000000e+01,6.000000000000000000e+01,4.500000000000000000e+01
6.000000000000000000e+01,6.000000000000000000e+01,2.662453196559140522e+01
6.000000000000000000e+01,1.800000000000000000e+01,2.210156382691797816e+00
6.000000000000000000e+01,6.000000000000000000e+01,6.000000000000000000e+01
1.500000000000000000e+01,1.200000000000000000e+01,1.200000000000000000e+01
6.000000000000000000e+01,4.800000000000000000e+01,4.800000000000000000e+01
6.000000000000000000e+01,6.000000000000000000e+01,1.079487139765270953e+01
6.000000000000000000e+01,6.000000000000000000e+01,3.531490903188417008e+01
3.600000000000000000e+01,1.800000000000000000e+01,1.800000000000000000e+01
1.800000000000000000e+01,6.000000000000000000e+01,1.800000000000000000e+01
6.000000000000000000e+01,6.000000000000000000e+01,4.504896911880489796e+01
6.000000000000000000e+01,6.000000000000000000e+01,1.978547920981305097e+01
2.700000000000000000e+01,1.500000000000000000e+01,1.500000000000000000e+01
6.000000000000000000e+01,6.000000000000000000e+01,6.000000000000000000e+01
6.000000000000000000e+01,9.000000000000000000e+00,9.000000000000000000e+00
9.000000000000000000e+00,9.000000000000000000e+00,9.000000000000000000e+00
1.800000000000000000e+01,9.000000000000000000e+00,9.000000000000000000e+00
1.800000000000000000e+01,6.000000000000000000e+01,1.800000000000000000e+01
3.600000000000000000e+01,1.800000000000000000e+01,5.806475019000887805e+00
2.100000000000000000e+01,1.200000000000000000e+01,1.200000000000000000e+01
3.000000000000000000e+01,1.800000000000000000e+01,1.800000000000000000e+01
1.200000000000000000e+01,9.000000000000000000e+00,9.000000000000000000e+00
4.500000000000000000e+01,6.000000000000000000e+01,4.500000000000000000e+01
6.000000000000000000e+01,6.000000000000000000e+01,6.000000000000000000e+01
6.000000000000000000e+01,1.500000000000000000e+01,1.500000000000000000e+01
6.000000000000000000e+01,1.200000000000000000e+01,1.200000000000000000e+01
4.500000000000000000e+01,6.000000000000000000e+01,4.500000000000000000e+01
2.100000000000000000e+01,1.200000000000000000e+01,1.200000000000000000e+01
6.000000000000000000e+01,9.000000000000000000e+00,9.000000000000000000e+00
6.000000000000000000e+01,6.000000000000000000e+01,6.000000000000000000e+01
6.000000000000000000e+01,4.200000000000000000e+01,4.200000000000000000e+01
6.000000000000000000e+01,6.000000000000000000e+01,2.500710267822234911e+01
4.500000000000000000e+01,6.000000000000000000e+01,4.500000000000000000e+01
6.000000000000000000e+01,6.000000000000000000e+01,2.675124671978034030e+01
6.000000000000000000e+01,6.000000000000000000e+01,6.000000000000000000e+01
6.000000000000000000e+01,6.000000000000000000e+01,6.000000000000000000e+01
6.000000000000000000e+01,6.000000000000000000e+01,6.000000000000000000e+01
6.000000000000000000e+01,6.000000000000000000e+01,6.000000000000000000e+01
1.500000000000000000e+01,1.200000000000000000e+01,1.200000000000000000e+01
4.200000000000000000e+01,2.400000000000000000e+01,2.400000000000000000e+01
6.000000000000000000e+01,6.000000000000000000e+01,6.000000000000000000e+01
6.000000000000000000e+01,6.000000000000000000e+01,6.000000000000000000e+01
6.000000000000000000e+01,6.000000000000000000e+01,2.003661658491780173e+01
6.000000000000000000e+01,1.200000000000000000e+01,1.200000000000000000e+01
3.300000000000000000e+01,2.100000000000000000e+01,2.100000000000000000e+01
1.800000000000000000e+01,9.000000000000000000e+00,9.000000000000000000e+00
1.200000000000000000e+01,9.000000000000000000e+00,9.000000000000000000e+00
6.000000000000000000e+01,6.000000000000000000e+01,6.000000000000000000e+01
1.500000000000000000e+01,1.200000000000000000e+01,1.200000000000000000e+01
3.000000000000000000e+01,2.100000000000000000e+01,2.100000000000000000e+01
3.600000000000000000e+01,6.000000000000000000e+01,3.600000000000000000e+01
1.200000000000000000e+01,1.200000000000000000e+01,1.200000000000000000e+01
6.000000000000000000e+01,6.000000000000000000e+01,6.000000000000000000e+01
6.000000000000000000e+01,6.000000000000000000e+01,6.000000000000000000e+01
6.000000000000000000e+01,6.000000000000000000e+01,1.765819198432773618e+01
6.000000000000000000e+01,6.000000000000000000e+01,6.000000000000000000e+01
6.000000000000000000e+01,6.000000000000000000e+01,6.000000000000000000e+01
6.000000000000000000e+01,6.000000000000000000e+01,6.000000000000000000e+01
6.000000000000000000e+01,5.700000000000000000e+01,5.700000000000000000e+01
1.800000000000000000e+01,1.200000000000000000e+01,1.200000000000000000e+01
6.000000000000000000e+00,6.000000000000000000e+00,6.000000000000000000e+00
6.000000000000000000e+01,6.000000000000000000e+01,6.000000000000000000e+01
2.100000000000000000e+01,1.200000000000000000e+01,1.200000000000000000e+01
6.000000000000000000e+01,6.000000000000000000e+01,9.660515807713300873e+00
9.000000000000000000e+00,6.000000000000000000e+00,6.000000000000000000e+00
6.000000000000000000e+01,6.000000000000000000e+01,2.662453196559140522e+01
6.000000000000000000e+01,6.000000000000000000e+01,2.210156382691797816e+00
4.500000000000000000e+01,3.000000000000000000e+01,3.000000000000000000e+01
6.000000000000000000e+01,6.000000000000000000e+01,6.000000000000000000e+01
2.400000000000000000e+01,1.500000000000000000e+01,1.500000000000000000e+01
2.100000000000000000e+01,1.500000000000000000e+01,1.079487139765270953e+01
6.000000000000000000e+01,2.100000000000000000e+01,2.100000000000000000e+01
6.000000000000000000e+01,6.000000000000000000e+01,6.000000000000000000e+01
6.000000000000000000e+01,6.000000000000000000e+01,6.000000000000000000e+01
6.000000000000000000e+01,6.000000000000000000e+01,4.504896911880489796e+01
6.000000000000000000e+01,6.000000000000000000e+01,1.978547920981305097e+01
2.100000000000000000e+01,1.500000000000000000e+01,1.500000000000000000e+01
6.000000000000000000e+01,6.000000000000000000e+01,6.000000000000000000e+01
1.200000000000000000e+01,6.000000000000000000e+01,1.200000000000000000e+01
6.000000000000000000e+01,6.000000000000000000e+01,3.789810383777747660e+01
3.300000000000000000e+01,2.700000000000000000e+01,2.700000000000000000e+01
1.500000000000000000e+01,9.000000000000000000e+00,9.000000000000000000e+00
6.000000000000000000e+01,1.200000000000000000e+01,5.806475019000887805e+00
1.200000000000000000e+01,6.000000000000000000e+00,6.000000000000000000e+00
1.500000000000000000e+01,9.000000000000000000e+00,9.000000000000000000e+00
6.000000000000000000e+01,1.500000000000000000e+01,1.500000000000000000e+01
6.000000000000000000e+01,6.000000000000000000e+01,6.000000000000000000e+01
2.400000000000000000e+01,1.200000000000000000e+01,1.200000000000000000e+01
6.000000000000000000e+01,1.200000000000000000e+01,1.200000000000000000e+01
6.000000000000000000e+01,6.000000000000000000e+01,6.000000000000000000e+01
6.000000000000000000e+01,1.500000000000000000e+01,1.500000000000000000e+01
6.000000000000000000e+01,6.000000000000000000e+01,6.000000000000000000e+01
6.000000000000000000e+01,6.000000000000000000e+01,6.000000000000000000e+01
5.400000000000000000e+01,2.700000000000000000e+01,2.700000000000000000e+01
2.100000000000000000e+01,1.200000000000000000e+01,1.200000000000000000e+01
6.000000000000000000e+01,1.500000000000000000e+01,1.500000000000000000e+01
6.000000000000000000e+01,6.000000000000000000e+01,6.000000000000000000e+01
3.000000000000000000e+01,1.500000000000000000e+01,1.500000000000000000e+01
5.100000000000000000e+01,3.000000000000000000e+01,3.000000000000000000e+01
1.800000000000000000e+01,9.000000000000000000e+00,9.000000000000000000e+00
1.800000000000000000e+01,6.000000000000000000e+01,1.800000000000000000e+01
6.000000000000000000e+01,6.000000000000000000e+01,6.000000000000000000e+01
1.800000000000000000e+01,1.500000000000000000e+01,1.500000000000000000e+01
6.000000000000000000e+01,1.800000000000000000e+01,1.800000000000000000e+01
6.000000000000000000e+01,2.700000000000000000e+01,2.700000000000000000e+01
6.000000000000000000e+01,9.000000000000000000e+00,9.000000000000000000e+00
6.000000000000000000e+01,3.600000000000000000e+01,2.003661658491780173e+01
6.000000000000000000e+01,2.400000000000000000e+01,2.400000000000000000e+01
6.000000000000000000e+01,1.800000000000000000e+01,1.800000000000000000e+01
1.200000000000000000e+01,9.000000000000000000e+00,9.000000000000000000e+00
6.000000000000000000e+01,1.200000000000000000e+01,1.200000000000000000e+01
4.500000000000000000e+01,2.100000000000000000e+01,2.100000000000000000e+01
6.000000000000000000e+01,6.000000000000000000e+01,6.000000000000000000e+01
6.000000000000000000e+01,6.000000000000000000e+01,6.000000000000000000e+01
6.000000000000000000e+01,6.000000000000000000e+01,6.000000000000000000e+01
3.600000000000000000e+01,6.000000000000000000e+01,3.600000000000000000e+01
4.800000000000000000e+01,2.400000000000000000e+01,2.400000000000000000e+01
6.000000000000000000e+01,2.700000000000000000e+01,2.700000000000000000e+01
6.000000000000000000e+01,5.700000000000000000e+01,1.765819198432773618e+01
6.000000000000000000e+01,6.000000000000000000e+01,6.000000000000000000e+01
1.500000000000000000e+01,9.000000000000000000e+00,9.000000000000000000e+00
1.500000000000000000e+01,9.000000000000000000e+00,9.000000000000000000e+00
6.000000000000000000e+01,9.000000000000000000e+00,9.000000000000000000e+00
6.000000000000000000e+01,6.000000000000000000e+01,6.000000000000000000e+01
6.000000000000000000e+01,1.500000000000000000e+01,1.500000000000000000e+01
1.500000000000000000e+01,9.000000000000000000e+00,9.000000000000000000e+00
1.200000000000000000e+01,9.000000000000000000e+00,9.000000000000000000e+00
2.100000000000000000e+01,1.200000000000000000e+01,9.660515807713300873e+00
6.000000000000000000e+01,4.500000000000000000e+01,4.500000000000000000e+01
6.000000000000000000e+01,6.000000000000000000e+01,2.662453196559140522e+01
6.000000000000000000e+01,6.000000000000000000e+01,2.210156382691797816e+00
6.000000000000000000e+01,6.000000000000000000e+01,6.000000000000000000e+01
3.300000000000000000e+01,2.400000000000000000e+01,2.400000000000000000e+01
6.000000000000000000e+01,9.000000000000000000e+00,9.000000000000000000e+00
6.000000000000000000e+01,6.000000000000000000e+01,1.079487139765270953e+01
6.000000000000000000e+01,3.000000000000000000e+01,3.000000000000000000e+01
2.100000000000000000e+01,1.200000000000000000e+01,1.200000000000000000e+01
6.000000000000000000e+01,6.000000000000000000e+01,6.000000000000000000e+01
6.000000000000000000e+01,1.200000000000000000e+01,1.200000000000000000e+01
6.000000000000000000e+01,1.500000000000000000e+01,1.500000000000000000e+01
6.000000000000000000e+01,6.000000000000000000e+01,6.000000000000000000e+01
1.200000000000000000e+01,6.000000000000000000e+01,1.200000000000000000e+01
6.000000000000000000e+01,6.000000000000000000e+01,6.000000000000000000e+01
6.000000000000000000e+01,6.000000000000000000e+01,3.789810383777747660e+01
6.000000000000000000e+01,6.000000000000000000e+01,6.000000000000000000e+01
5.100000000000000000e+01,6.000000000000000000e+01,5.100000000000000000e+01
2.700000000000000000e+01,1.500000000000000000e+01,5.806475019000887805e+00
1.500000000000000000e+01,9.000000000000000000e+00,9.000000000000000000e+00
1.500000000000000000e+01,9.000000000000000000e+00,9.000000000000000000e+00
6.000000000000000000e+01,6.000000000000000000e+01,4.084676332565522472e+01
1.800000000000000000e+01,9.000000000000000000e+00,9.000000000000000000e+00
2.700000000000000000e+01,1.800000000000000000e+01,1.800000000000000000e+01
6.000000000000000000e+01,6.000000000000000000e+01,6.000000000000000000e+01
3.900000000000000000e+01,6.000000000000000000e+01,3.900000000000000000e+01
1.800000000000000000e+01,1.500000000000000000e+01,1.500000000000000000e+01
2.700000000000000000e+01,1.500000000000000000e+01,1.500000000000000000e+01
6.000000000000000000e+01,6.000000000000000000e+01,6.000000000000000000e+01
3.300000000000000000e+01,1.800000000000000000e+01,1.800000000000000000e+01
3.900000000000000000e+01,6.000000000000000000e+01,3.900000000000000000e+01
6.000000000000000000e+01,9.000000000000000000e+00,9.000000000000000000e+00
1.800000000000000000e+01,1.200000000000000000e+01,1.200000000000000000e+01
6.000000000000000000e+01,6.000000000000000000e+01,2.675124671978034030e+01
2.700000000000000000e+01,1.800000000000000000e+01,1.800000000000000000e+01
6.000000000000000000e+01,6.000000000000000000e+01,6.000000000000000000e+01
4.200000000000000000e+01,2.700000000000000000e+01,2.700000000000000000e+01
6.000000000000000000e+01,2.400000000000000000e+01,2.400000000000000000e+01
6.000000000000000000e+01,6.000000000000000000e+01,6.000000000000000000e+01
6.000000000000000000e+01,6.000000000000000000e+01,6.000000000000000000e+01
1.800000000000000000e+01,1.200000000000000000e+01,1.200000000000000000e+01
6.000000000000000000e+01,6.000000000000000000e+01,6.000000000000000000e+01
6.000000000000000000e+01,6.000000000000000000e+01,2.003661658491780173e+01
6.000000000000000000e+01,6.000000000000000000e+01,6.000000000000000000e+01
6.000000000000000000e+01,1.500000000000000000e+01,1.500000000000000000e+01
2.700000000000000000e+01,1.500000000000000000e+01,1.500000000000000000e+01
6.000000000000000000e+01,6.000000000000000000e+01,6.000000000000000000e+01
6.000000000000000000e+01,1.800000000000000000e+01,1.800000000000000000e+01
6.000000000000000000e+01,5.100000000000000000e+01,5.100000000000000000e+01
2.700000000000000000e+01,2.400000000000000000e+01,2.400000000000000000e+01
1.500000000000000000e+01,9.000000000000000000e+00,9.000000000000000000e+00
3.300000000000000000e+01,1.800000000000000000e+01,1.800000000000000000e+01
6.000000000000000000e+01,6.000000000000000000e+01,6.000000000000000000e+01
1.500000000000000000e+01,6.000000000000000000e+01,1.500000000000000000e+01
6.000000000000000000e+01,6.000000000000000000e+01,1.765819198432773618e+01
1.800000000000000000e+01,6.000000000000000000e+01,1.800000000000000000e+01
1.200000000000000000e+01,9.000000000000000000e+00,9.000000000000000000e+00
6.000000000000000000e+01,5.100000000000000000e+01,5.100000000000000000e+01
4.200000000000000000e+01,2.700000000000000000e+01,2.700000000000000000e+01
3.000000000000000000e+01,1.500000000000000000e+01,1.500000000000000000e+01
1.200000000000000000e+01,9.000000000000000000e+00,9.000000000000000000e+00
1.500000000000000000e+01,9.000000000000000000e+00,9.000000000000000000e+00
6.000000000000000000e+01,9.000000000000000000e+00,9.000000000000000000e+00
1.200000000000000000e+01,9.000000000000000000e+00,9.000000000000000000e+00
1.800000000000000000e+01,9.000000000000000000e+00,9.000000000000000000e+00
6.000000000000000000e+01,9.000000000000000000e+00,9.000000000000000000e+00
2.700000000000000000e+01,6.000000000000000000e+01,2.210156382691797816e+00
6.000000000000000000e+01,6.000000000000000000e+01,6.000000000000000000e+01
6.000000000000000000e+01,6.000000000000000000e+01,6.000000000000000000e+01
3.600000000000000000e+01,2.400000000000000000e+01,2.400000000000000000e+01
6.000000000000000000e+01,6.000000000000000000e+01,1.079487139765270953e+01
6.000000000000000000e+01,6.000000000000000000e+01,3.531490903188417008e+01
9.000000000000000000e+00,6.000000000000000000e+00,6.000000000000000000e+00
6.000000000000000000e+01,6.000000000000000000e+01,6.000000000000000000e+01
1.500000000000000000e+01,1.200000000000000000e+01,1.200000000000000000e+01
6.000000000000000000e+01,6.000000000000000000e+01,1.978547920981305097e+01
6.000000000000000000e+01,6.000000000000000000e+01,6.000000000000000000e+01
6.000000000000000000e+01,6.000000000000000000e+01,6.000000000000000000e+01
1.800000000000000000e+01,1.200000000000000000e+01,1.200000000000000000e+01
9.000000000000000000e+00,6.000000000000000000e+00,6.000000000000000000e+00
6.000000000000000000e+01,1.200000000000000000e+01,1.200000000000000000e+01
1.200000000000000000e+01,1.200000000000000000e+01,1.200000000000000000e+01
2.100000000000000000e+01,1.200000000000000000e+01,5.806475019000887805e+00
1.200000000000000000e+01,6.000000000000000000e+00,6.000000000000000000e+00
3.000000000000000000e+01,1.800000000000000000e+01,1.800000000000000000e+01
6.000000000000000000e+01,6.000000000000000000e+01,4.084676332565522472e+01
6.000000000000000000e+01,6.000000000000000000e+01,6.000000000000000000e+01
3.000000000000000000e+01,1.800000000000000000e+01,1.800000000000000000e+01
1.500000000000000000e+01,6.000000000000000000e+01,1.500000000000000000e+01
6.000000000000000000e+01,6.000000000000000000e+01,6.000000000000000000e+01
6.000000000000000000e+01,6.000000000000000000e+01,6.000000000000000000e+01
6.000000000000000000e+01,6.000000000000000000e+01,6.000000000000000000e+01
6.000000000000000000e+01,6.000000000000000000e+01,6.000000000000000000e+01
3.000000000000000000e+01,2.100000000000000000e+01,2.100000000000000000e+01
6.000000000000000000e+01,6.000000000000000000e+01,6.000000000000000000e+01
1.500000000000000000e+01,1.200000000000000000e+01,1.200000000000000000e+01
6.000000000000000000e+01,1.800000000000000000e+01,1.800000000000000000e+01
6.000000000000000000e+01,1.200000000000000000e+01,1.200000000000000000e+01
2.400000000000000000e+01,6.000000000000000000e+01,2.400000000000000000e+01
2.700000000000000000e+01,1.500000000000000000e+01,1.500000000000000000e+01
1.500000000000000000e+01,9.000000000000000000e+00,9.000000000000000000e+00
6.000000000000000000e+01,1.200000000000000000e+01,1.200000000000000000e+01
1.500000000000000000e+01,9.000000000000000000e+00,9.000000000000000000e+00
2.700000000000000000e+01,1.800000000000000000e+01,1.800000000000000000e+01
1.800000000000000000e+01,1.200000000000000000e+01,1.200000000000000000e+01
5.100000000000000000e+01,2.700000000000000000e+01,2.700000000000000000e+01
2.100000000000000000e+01,6.000000000000000000e+01,2.003661658491780173e+01
2.400000000000000000e+01,6.000000000000000000e+01,2.400000000000000000e+01
4.500000000000000000e+01,2.700000000000000000e+01,2.700000000000000000e+01
6.000000000000000000e+01,3.300000000000000000e+01,3.300000000000000000e+01
6.000000000000000000e+01,2.700000000000000000e+01,2.700000000000000000e+01
1.500000000000000000e+01,9.000000000000000000e+00,9.000000000000000000e+00
1.200000000000000000e+01,9.000000000000000000e+00,9.000000000000000000e+00
6.000000000000000000e+01,6.000000000000000000e+01,6.000000000000000000e+01
6.000000000000000000e+01,6.000000000000000000e+01,3.531691499265301815e+01
6.000000000000000000e+01,6.000000000000000000e+01,6.000000000000000000e+01
6.000000000000000000e+01,5.400000000000000000e+01,4.133686716677245698e+01
6.000000000000000000e+01,9.000000000000000000e+00,9.000000000000000000e+00
6.000000000000000000e+01,6.000000000000000000e+01,6.000000000000000000e+01
6.000000000000000000e+01,6.000000000000000000e+01,4.517255644376289325e+01
1.800000000000000000e+01,1.200000000000000000e+01,1.200000000000000000e+01
6.000000000000000000e+01,6.000000000000000000e+01,6.000000000000000000e+01
2.100000000000000000e+01,6.000000000000000000e+01,2.100000000000000000e+01
3.600000000000000000e+01,2.100000000000000000e+01,2.100000000000000000e+01
6.000000000000000000e+01,6.000000000000000000e+01,6.000000000000000000e+01
2.100000000000000000e+01,1.500000000000000000e+01,1.500000000000000000e+01
1.500000000000000000e+01,6.000000000000000000e+01,1.126722729515763177e+01
6.000000000000000000e+01,6.000000000000000000e+01,6.000000000000000000e+01
6.000000000000000000e+01,6.000000000000000000e+01,6.000000000000000000e+01
6.000000000000000000e+01,6.000000000000000000e+01,6.000000000000000000e+01
3.000000000000000000e+01,6.000000000000000000e+01,3.000000000000000000e+01
1.200000000000000000e+01,9.000000000000000000e+00,9.000000000000000000e+00
6.000000000000000000e+01,6.000000000000000000e+01,6.000000000000000000e+01
6.000000000000000000e+01,3.600000000000000000e+01,1.807788315775878729e+01
2.400000000000000000e+01,6.000000000000000000e+01,2.400000000000000000e+01
3.600000000000000000e+01,2.400000000000000000e+01,2.400000000000000000e+01
6.000000000000000000e+01,6.000000000000000000e+01,6.000000000000000000e+01
6.000000000000000000e+01,1.500000000000000000e+01,1.500000000000000000e+01
1.800000000000000000e+01,1.500000000000000000e+01,1.500000000000000000e+01
2.700000000000000000e+01,1.800000000000000000e+01,1.800000000000000000e+01
6.000000000000000000e+01,6.000000000000000000e+01,4.117221071011845979e+00
6.000000000000000000e+01,1.800000000000000000e+01,1.800000000000000000e+01
6.000000000000000000e+01,6.000000000000000000e+01,2.442500103076033469e+01
2.400000000000000000e+01,1.200000000000000000e+01,1.200000000000000000e+01
6.000000000000000000e+01,6.000000000000000000e+01,6.000000000000000000e+01
1.200000000000000000e+01,9.000000000000000000e+00,9.000000000000000000e+00
5.100000000000000000e+01,3.300000000000000000e+01,3.300000000000000000e+01
6.000000000000000000e+01,6.000000000000000000e+01,6.000000000000000000e+01
6.000000000000000000e+01,2.700000000000000000e+01,2.700000000000000000e+01
6.000000000000000000e+01,6.000000000000000000e+01,3.155359465587736878e+01
6.000000000000000000e+01,3.300000000000000000e+01,3.300000000000000000e+01
2.700000000000000000e+01,1.500000000000000000e+01,1.500000000000000000e+01
6.000000000000000000e+01,6.000000000000000000e+01,6.000000000000000000e+01
6.000000000000000000e+01,6.000000000000000000e+01,5.917282941618105951e+01
9.000000000000000000e+00,9.000000000000000000e+00,9.000000000000000000e+00
6.000000000000000000e+01,1.500000000000000000e+01,1.500000000000000000e+01
4.200000000000000000e+01,6.000000000000000000e+01,4.200000000000000000e+01
6.000000000000000000e+01,6.000000000000000000e+01,3.381281983279414050e+01
2.700000000000000000e+01,1.500000000000000000e+01,1.500000000000000000e+01
6.000000000000000000e+01,5.100000000000000000e+01,5.100000000000000000e+01
6.000000000000000000e+01,6.000000000000000000e+01,6.000000000000000000e+01
1.200000000000000000e+01,6.000000000000000000e+01,1.200000000000000000e+01
6.000000000000000000e+01,1.200000000000000000e+01,8.127643437389291847e+00
6.000000000000000000e+01,6.000000000000000000e+01,6.000000000000000000e+01
6.000000000000000000e+01,5.100000000000000000e+01,5.100000000000000000e+01
6.000000000000000000e+01,1.200000000000000000e+01,1.200000000000000000e+01
1.800000000000000000e+01,1.200000000000000000e+01,1.200000000000000000e+01
1.500000000000000000e+01,6.000000000000000000e+01,1.500000000000000000e+01
2.100000000000000000e+01,1.200000000000000000e+01,1.200000000000000000e+01
2.100000000000000000e+01,6.000000000000000000e+01,2.100000000000000000e+01
1.500000000000000000e+01,9.000000000000000000e+00,9.000000000000000000e+00
6.000000000000000000e+01,5.100000000000000000e+01,4.524365249466846706e+01
6.000000000000000000e+01,2.700000000000000000e+01,2.700000000000000000e+01
6.000000000000000000e+01,1.200000000000000000e+01,1.200000000000000000e+01
4.800000000000000000e+01,6.000000000000000000e+01,4.800000000000000000e+01
6.000000000000000000e+01,5.100000000000000000e+01,5.100000000000000000e+01
6.000000000000000000e+01,6.000000000000000000e+01,6.000000000000000000e+01
2.400000000000000000e+01,1.800000000000000000e+01,1.800000000000000000e+01
6.000000000000000000e+01,2.100000000000000000e+01,2.100000000000000000e+01
4.800000000000000000e+01,3.000000000000000000e+01,3.000000000000000000e+01
2.700000000000000000e+01,1.500000000000000000e+01,1.500000000000000000e+01
5.700000000000000000e+01,6.000000000000000000e+01,5.700000000000000000e+01
6.000000000000000000e+01,6.000000000000000000e+01,6.000000000000000000e+01
6.000000000000000000e+01,1.500000000000000000e+01,1.500000000000000000e+01
6.000000000000000000e+01,6.000000000000000000e+01,6.000000000000000000e+01
6.000000000000000000e+01,1.800000000000000000e+01,1.800000000000000000e+01
6.000000000000000000e+01,1.200000000000000000e+01,1.200000000000000000e+01
1.200000000000000000e+01,9.000000000000000000e+00,9.000000000000000000e+00
6.000000000000000000e+01,1.500000000000000000e+01,1.500000000000000000e+01
3.300000000000000000e+01,2.100000000000000000e+01,2.100000000000000000e+01
1.200000000000000000e+01,6.000000000000000000e+01,1.126722729515763177e+01
6.000000000000000000e+01,1.500000000000000000e+01,1.500000000000000000e+01
1.500000000000000000e+01,1.200000000000000000e+01,1.200000000000000000e+01
6.000000000000000000e+01,1.200000000000000000e+01,1.200000000000000000e+01
6.000000000000000000e+01,9.000000000000000000e+00,9.000000000000000000e+00
6.000000000000000000e+01,6.000000000000000000e+01,6.000000000000000000e+01
6.000000000000000000e+01,1.200000000000000000e+01,1.200000000000000000e+01
6.000000000000000000e+01,6.000000000000000000e+01,1.807788315775878729e+01
6.000000000000000000e+01,6.000000000000000000e+01,6.000000000000000000e+01
6.000000000000000000e+01,4.800000000000000000e+01,4.800000000000000000e+01
6.000000000000000000e+01,6.000000000000000000e+01,6.000000000000000000e+01
5.700000000000000000e+01,3.300000000000000000e+01,3.300000000000000000e+01
1.800000000000000000e+01,9.000000000000000000e+00,9.000000000000000000e+00
3.000000000000000000e+01,2.100000000000000000e+01,2.051475121036317262e+01
6.000000000000000000e+01,6.000000000000000000e+01,4.117221071011845979e+00
1.500000000000000000e+01,9.000000000000000000e+00,9.000000000000000000e+00
2.100000000000000000e+01,1.200000000000000000e+01,1.200000000000000000e+01
1.800000000000000000e+01,6.000000000000000000e+01,1.800000000000000000e+01
1.800000000000000000e+01,9.000000000000000000e+00,9.000000000000000000e+00
6.000000000000000000e+01,6.000000000000000000e+01,6.000000000000000000e+01
6.000000000000000000e+01,6.000000000000000000e+00,6.000000000000000000e+00
6.000000000000000000e+01,6.000000000000000000e+01,6.000000000000000000e+01
6.000000000000000000e+01,6.000000000000000000e+01,6.000000000000000000e+01
2.400000000000000000e+01,1.800000000000000000e+01,1.800000000000000000e+01
6.000000000000000000e+01,4.200000000000000000e+01,4.200000000000000000e+01
1.800000000000000000e+01,1.500000000000000000e+01,1.500000000000000000e+01
6.000000000000000000e+01,6.000000000000000000e+01,6.000000000000000000e+01
6.000000000000000000e+01,6.000000000000000000e+01,5.917282941618105951e+01
6.000000000000000000e+01,9.000000000000000000e+00,9.000000000000000000e+00
2.700000000000000000e+01,1.500000000000000000e+01,1.500000000000000000e+01
6.000000000000000000e+01,6.000000000000000000e+01,6.000000000000000000e+01
6.000000000000000000e+01,6.000000000000000000e+01,3.381281983279414050e+01
6.000000000000000000e+01,6.000000000000000000e+01,1.874529799626946414e+01
5.700000000000000000e+01,3.300000000000000000e+01,3.300000000000000000e+01
9.000000000000000000e+00,6.000000000000000000e+00,6.000000000000000000e+00
9.000000000000000000e+00,6.000000000000000000e+00,6.000000000000000000e+00
6.000000000000000000e+01,6.000000000000000000e+01,8.127643437389291847e+00
6.000000000000000000e+01,1.500000000000000000e+01,1.500000000000000000e+01
6.000000000000000000e+01,1.200000000000000000e+01,1.200000000000000000e+01
6.000000000000000000e+01,6.000000000000000000e+01,6.000000000000000000e+01
2.100000000000000000e+01,1.500000000000000000e+01,1.500000000000000000e+01
3.300000000000000000e+01,6.000000000000000000e+01,3.300000000000000000e+01
6.000000000000000000e+01,6.000000000000000000e+01,6.000000000000000000e+01
6.000000000000000000e+01,6.000000000000000000e+01,5.762754180375132762e+01
6.000000000000000000e+01,1.800000000000000000e+01,1.800000000000000000e+01
6.000000000000000000e+01,6.000000000000000000e+01,4.524365249466846706e+01
4.500000000000000000e+01,2.700000000000000000e+01,2.700000000000000000e+01
4.500000000000000000e+01,6.000000000000000000e+01,4.500000000000000000e+01
1.500000000000000000e+01,9.000000000000000000e+00,9.000000000000000000e+00
6.000000000000000000e+01,6.000000000000000000e+01,6.000000000000000000e+01
2.700000000000000000e+01,6.000000000000000000e+01,2.700000000000000000e+01
1.200000000000000000e+01,1.200000000000000000e+01,1.200000000000000000e+01
3.900000000000000000e+01,6.000000000000000000e+01,3.531691499265301815e+01
6.000000000000000000e+01,6.000000000000000000e+01,6.000000000000000000e+01
6.000000000000000000e+01,6.000000000000000000e+01,4.133686716677245698e+01
6.000000000000000000e+01,6.000000000000000000e+01,6.000000000000000000e+01
6.000000000000000000e+01,9.000000000000000000e+00,9.000000000000000000e+00
2.100000000000000000e+01,1.500000000000000000e+01,1.500000000000000000e+01
6.000000000000000000e+01,6.000000000000000000e+01,6.000000000000000000e+01
6.000000000000000000e+01,6.000000000000000000e+01,6.000000000000000000e+01
6.000000000000000000e+01,6.000000000000000000e+01,6.000000000000000000e+01
1.200000000000000000e+01,6.000000000000000000e+01,1.200000000000000000e+01
1.800000000000000000e+01,6.000000000000000000e+01,1.800000000000000000e+01
1.200000000000000000e+01,9.000000000000000000e+00,9.000000000000000000e+00
6.000000000000000000e+01,6.000000000000000000e+01,1.126722729515763177e+01
6.000000000000000000e+01,4.500000000000000000e+01,4.500000000000000000e+01
6.000000000000000000e+01,6.000000000000000000e+01,6.000000000000000000e+01
3.000000000000000000e+01,1.800000000000000000e+01,1.800000000000000000e+01
3.000000000000000000e+01,1.800000000000000000e+01,1.800000000000000000e+01
6.000000000000000000e+01,6.000000000000000000e+00,6.000000000000000000e+00
1.500000000000000000e+01,9.000000000000000000e+00,9.000000000000000000e+00
4.500000000000000000e+01,2.400000000000000000e+01,1.807788315775878729e+01
6.000000000000000000e+01,6.000000000000000000e+01,6.000000000000000000e+01
6.000000000000000000e+01,2.400000000000000000e+01,2.400000000000000000e+01
6.000000000000000000e+01,6.000000000000000000e+01,6.000000000000000000e+01
1.800000000000000000e+01,1.200000000000000000e+01,1.200000000000000000e+01
6.000000000000000000e+01,6.000000000000000000e+01,2.926155206271976894e+01
6.000000000000000000e+01,6.000000000000000000e+01,2.051475121036317262e+01
6.000000000000000000e+01,6.000000000000000000e+01,4.117221071011845979e+00
2.100000000000000000e+01,1.200000000000000000e+01,1.200000000000000000e+01
1.800000000000000000e+01,1.500000000000000000e+01,1.500000000000000000e+01
1.800000000000000000e+01,6.000000000000000000e+01,1.800000000000000000e+01
6.000000000000000000e+01,6.000000000000000000e+01,6.000000000000000000e+01
6.000000000000000000e+01,9.000000000000000000e+00,9.000000000000000000e+00
6.000000000000000000e+01,4.800000000000000000e+01,4.800000000000000000e+01
6.000000000000000000e+01,6.000000000000000000e+01,6.000000000000000000e+01
6.000000000000000000e+01,3.300000000000000000e+01,3.300000000000000000e+01
1.200000000000000000e+01,9.000000000000000000e+00,9.000000000000000000e+00
1.500000000000000000e+01,1.200000000000000000e+01,1.200000000000000000e+01
9.000000000000000000e+00,9.000000000000000000e+00,9.000000000000000000e+00
2.100000000000000000e+01,1.200000000000000000e+01,1.200000000000000000e+01
1.500000000000000000e+01,1.200000000000000000e+01,1.200000000000000000e+01
6.000000000000000000e+01,6.000000000000000000e+01,6.000000000000000000e+01
6.000000000000000000e+01,6.000000000000000000e+01,6.000000000000000000e+01
5.100000000000000000e+01,3.600000000000000000e+01,3.600000000000000000e+01
3.900000000000000000e+01,2.400000000000000000e+01,2.400000000000000000e+01
6.000000000000000000e+01,1.500000000000000000e+01,1.500000000000000000e+01
6.000000000000000000e+01,2.100000000000000000e+01,2.100000000000000000e+01
6.000000000000000000e+01,5.100000000000000000e+01,5.100000000000000000e+01
1.800000000000000000e+01,9.000000000000000000e+00,9.000000000000000000e+00
2.700000000000000000e+01,6.000000000000000000e+01,8.127643437389291847e+00
6.000000000000000000e+01,9.000000000000000000e+00,9.000000000000000000e+00
6.000000000000000000e+01,2.100000000000000000e+01,2.100000000000000000e+01
1.200000000000000000e+01,9.000000000000000000e+00,9.000000000000000000e+00
6.000000000000000000e+01,6.000000000000000000e+01,6.000000000000000000e+01
6.000000000000000000e+01,6.000000000000000000e+01,6.000000000000000000e+01
2.700000000000000000e+01,1.800000000000000000e+01,1.800000000000000000e+01
6.000000000000000000e+01,1.200000000000000000e+01,1.200000000000000000e+01
1.500000000000000000e+01,9.000000000000000000e+00,9.000000000000000000e+00
6.000000000000000000e+01,6.000000000000000000e+01,4.524365249466846706e+01
2.100000000000000000e+01,1.800000000000000000e+01,1.800000000000000000e+01
6.000000000000000000e+01,6.000000000000000000e+01,6.000000000000000000e+01
6.000000000000000000e+01,4.800000000000000000e+01,4.800000000000000000e+01
1.800000000000000000e+01,6.000000000000000000e+01,1.800000000000000000e+01
9.000000000000000000e+00,6.000000000000000000e+01,9.000000000000000000e+00
3.900000000000000000e+01,1.800000000000000000e+01,1.800000000000000000e+01
2.700000000000000000e+01,1.500000000000000000e+01,1.500000000000000000e+01
6.000000000000000000e+01,6.000000000000000000e+01,6.000000000000000000e+01
2.100000000000000000e+01,1.200000000000000000e+01,1.200000000000000000e+01
6.000000000000000000e+01,6.000000000000000000e+01,6.000000000000000000e+01
6.000000000000000000e+01,6.000000000000000000e+01,6.000000000000000000e+01
6.000000000000000000e+01,6.000000000000000000e+01,4.517255644376289325e+01
4.500000000000000000e+01,6.000000000000000000e+01,4.500000000000000000e+01
6.000000000000000000e+01,6.000000000000000000e+01,6.000000000000000000e+01
2.700000000000000000e+01,1.500000000000000000e+01,1.500000000000000000e+01
6.000000000000000000e+01,1.500000000000000000e+01,1.500000000000000000e+01
6.000000000000000000e+01,3.300000000000000000e+01,3.300000000000000000e+01
6.000000000000000000e+01,6.000000000000000000e+01,6.000000000000000000e+01
4.200000000000000000e+01,3.000000000000000000e+01,1.126722729515763177e+01
6.000000000000000000e+01,6.000000000000000000e+01,6.000000000000000000e+01
9.000000000000000000e+00,6.000000000000000000e+00,6.000000000000000000e+00
6.000000000000000000e+01,6.000000000000000000e+01,6.000000000000000000e+01
6.000000000000000000e+01,6.000000000000000000e+01,6.000000000000000000e+01
2.100000000000000000e+01,1.200000000000000000e+01,1.200000000000000000e+01
6.000000000000000000e+01,6.000000000000000000e+01,6.000000000000000000e+01
6.000000000000000000e+01,6.000000000000000000e+01,1.807788315775878729e+01
6.000000000000000000e+01,6.000000000000000000e+00,6.000000000000000000e+00
6.000000000000000000e+01,6.000000000000000000e+01,6.000000000000000000e+01
6.000000000000000000e+01,6.000000000000000000e+01,6.000000000000000000e+01
6.000000000000000000e+01,6.000000000000000000e+01,6.000000000000000000e+01
1.200000000000000000e+01,6.000000000000000000e+01,1.200000000000000000e+01
6.000000000000000000e+01,1.500000000000000000e+01,1.500000000000000000e+01
1.800000000000000000e+01,1.500000000000000000e+01,4.117221071011845979e+00
3.300000000000000000e+01,6.000000000000000000e+01,3.300000000000000000e+01
6.000000000000000000e+01,2.400000000000000000e+01,2.400000000000000000e+01
9.000000000000000000e+00,9.000000000000000000e+00,9.000000000000000000e+00
6.000000000000000000e+01,6.000000000000000000e+01,6.000000000000000000e+01
6.000000000000000000e+01,6.000000000000000000e+01,6.000000000000000000e+01
4.800000000000000000e+01,3.000000000000000000e+01,3.000000000000000000e+01
6.000000000000000000e+01,6.000000000000000000e+01,6.000000000000000000e+01
2.100000000000000000e+01,1.500000000000000000e+01,1.500000000000000000e+01
6.000000000000000000e+01,6.000000000000000000e+01,3.155359465587736878e+01
6.000000000000000000e+01,3.600000000000000000e+01,3.600000000000000000e+01
1.200000000000000000e+01,9.000000000000000000e+00,9.000000000000000000e+00
6.000000000000000000e+01,6.000000000000000000e+01,6.000000000000000000e+01
6.000000000000000000e+01,6.000000000000000000e+01,5.917282941618105951e+01
6.000000000000000000e+01,6.000000000000000000e+01,6.000000000000000000e+01
3.900000000000000000e+01,2.100000000000000000e+01,2.100000000000000000e+01
6.000000000000000000e+01,6.000000000000000000e+01,6.000000000000000000e+01
6.000000000000000000e+01,6.000000000000000000e+01,3.381281983279414050e+01
3.300000000000000000e+01,2.100000000000000000e+01,1.874529799626946414e+01
6.000000000000000000e+01,9.000000000000000000e+00,9.000000000000000000e+00
6.000000000000000000e+01,6.000000000000000000e+01,6.000000000000000000e+01
6.000000000000000000e+01,6.000000000000000000e+01,3.066081835522786747e+01
6.000000000000000000e+01,6.000000000000000000e+00,6.000000000000000000e+00
2.700000000000000000e+01,2.100000000000000000e+01,2.100000000000000000e+01
6.000000000000000000e+01,6.000000000000000000e+01,6.000000000000000000e+01
1.500000000000000000e+01,6.000000000000000000e+01,1.500000000000000000e+01
6.000000000000000000e+01,6.000000000000000000e+01,6.000000000000000000e+01
6.000000000000000000e+01,6.000000000000000000e+01,6.000000000000000000e+01
1.200000000000000000e+01,9.000000000000000000e+00,9.000000000000000000e+00
6.000000000000000000e+01,6.000000000000000000e+01,5.762754180375132762e+01
6.000000000000000000e+00,6.000000000000000000e+00,6.000000000000000000e+00
6.000000000000000000e+01,6.000000000000000000e+01,4.524365249466846706e+01
6.000000000000000000e+01,3.300000000000000000e+01,3.300000000000000000e+01
6.000000000000000000e+01,6.000000000000000000e+01,6.000000000000000000e+01
6.000000000000000000e+01,6.000000000000000000e+01,6.000000000000000000e+01
6.000000000000000000e+01,4.200000000000000000e+01,4.200000000000000000e+01
6.000000000000000000e+01,6.000000000000000000e+01,6.000000000000000000e+01
6.000000000000000000e+01,4.800000000000000000e+01,4.800000000000000000e+01
2.100000000000000000e+01,6.000000000000000000e+01,2.100000000000000000e+01
6.000000000000000000e+01,6.000000000000000000e+01,3.211589684136336054e+00
2.400000000000000000e+01,1.200000000000000000e+01,1.200000000000000000e+01
6.000000000000000000e+01,6.000000000000000000e+01,6.000000000000000000e+01
6.000000000000000000e+01,6.000000000000000000e+01,6.000000000000000000e+01
1.800000000000000000e+01,1.200000000000000000e+01,1.200000000000000000e+01
6.000000000000000000e+01,6.000000000000000000e+01,6.000000000000000000e+01
1.200000000000000000e+01,6.000000000000000000e+01,1.200000000000000000e+01
6.000000000000000000e+01,6.000000000000000000e+01,6.000000000000000000e+01
2.700000000000000000e+01,1.800000000000000000e+01,1.800000000000000000e+01
6.000000000000000000e+01,3.000000000000000000e+01,3.000000000000000000e+01
2.700000000000000000e+01,1.500000000000000000e+01,1.500000000000000000e+01
6.000000000000000000e+01,6.000000000000000000e+01,6.000000000000000000e+01
6.000000000000000000e+01,4.500000000000000000e+01,4.500000000000000000e+01
6.000000000000000000e+01,6.000000000000000000e+01,6.000000000000000000e+01
6.000000000000000000e+01,1.200000000000000000e+01,1.200000000000000000e+01
2.100000000000000000e+01,1.200000000000000000e+01,1.200000000000000000e+01
6.000000000000000000e+01,6.000000000000000000e+01,6.000000000000000000e+01
6.000000000000000000e+01,6.000000000000000000e+01,6.000000000000000000e+01
1.200000000000000000e+01,9.000000000000000000e+00,9.000000000000000000e+00
2.700000000000000000e+01,1.500000000000000000e+01,1.500000000000000000e+01
6.000000000000000000e+01,6.000000000000000000e+01,6.000000000000000000e+01
6.000000000000000000e+01,6.000000000000000000e+01,6.000000000000000000e+01
1.800000000000000000e+01,1.200000000000000000e+01,1.200000000000000000e+01
6.000000000000000000e+01,1.500000000000000000e+01,1.500000000000000000e+01
6.000000000000000000e+01,6.000000000000000000e+01,4.840662102477986650e+01
6.000000000000000000e+01,1.200000000000000000e+01,1.200000000000000000e+01
2.400000000000000000e+01,6.000000000000000000e+01,2.400000000000000000e+01
6.000000000000000000e+01,6.000000000000000000e+01,6.000000000000000000e+01
6.000000000000000000e+01,6.000000000000000000e+01,6.000000000000000000e+01
6.000000000000000000e+01,6.000000000000000000e+01,3.622825835289871321e+01
6.000000000000000000e+01,6.000000000000000000e+01,6.000000000000000000e+01
2.100000000000000000e+01,1.200000000000000000e+01,4.389236866317352437e+00
3.300000000000000000e+01,2.100000000000000000e+01,2.100000000000000000e+01
6.000000000000000000e+01,4.800000000000000000e+01,3.517469751870112304e+01
6.000000000000000000e+01,6.000000000000000000e+01,6.000000000000000000e+01
1.800000000000000000e+01,1.500000000000000000e+01,1.500000000000000000e+01
1.800000000000000000e+01,1.200000000000000000e+01,1.200000000000000000e+01
2.100000000000000000e+01,1.500000000000000000e+01,1.500000000000000000e+01
6.000000000000000000e+01,6.000000000000000000e+01,6.000000000000000000e+01
2.700000000000000000e+01,1.800000000000000000e+01,1.800000000000000000e+01
5.100000000000000000e+01,6.000000000000000000e+01,5.100000000000000000e+01
6.000000000000000000e+01,6.000000000000000000e+01,6.000000000000000000e+01
6.000000000000000000e+01,6.000000000000000000e+01,6.000000000000000000e+01
6.000000000000000000e+01,6.000000000000000000e+01,6.000000000000000000e+01
4.800000000000000000e+01,6.000000000000000000e+01,4.800000000000000000e+01
6.000000000000000000e+01,6.000000000000000000e+01,3.928710308097306836e+01
6.000000000000000000e+00,6.000000000000000000e+01,6.000000000000000000e+00
1.500000000000000000e+01,9.000000000000000000e+00,9.000000000000000000e+00
1.800000000000000000e+01,1.200000000000000000e+01,1.200000000000000000e+01
6.000000000000000000e+01,6.000000000000000000e+01,6.000000000000000000e+01
1.800000000000000000e+01,1.200000000000000000e+01,1.200000000000000000e+01
6.000000000000000000e+01,6.000000000000000000e+01,6.000000000000000000e+01
2.100000000000000000e+01,1.500000000000000000e+01,1.500000000000000000e+01
6.000000000000000000e+01,3.600000000000000000e+01,3.600000000000000000e+01
6.000000000000000000e+01,6.000000000000000000e+01,6.000000000000000000e+01
6.000000000000000000e+01,1.800000000000000000e+01,1.800000000000000000e+01
6.000000000000000000e+01,6.000000000000000000e+01,6.000000000000000000e+01
6.000000000000000000e+01,1.200000000000000000e+01,1.200000000000000000e+01
3.000000000000000000e+01,1.800000000000000000e+01,2.670318635385654282e+00
4.200000000000000000e+01,6.000000000000000000e+01,1.528046388505472564e+01
1.800000000000000000e+01,1.200000000000000000e+01,1.200000000000000000e+01
6.000000000000000000e+01,6.000000000000000000e+01,6.000000000000000000e+01
3.600000000000000000e+01,2.700000000000000000e+01,2.700000000000000000e+01
5.400000000000000000e+01,6.000000000000000000e+01,5.400000000000000000e+01
1.200000000000000000e+01,9.000000000000000000e+00,3.211589684136336054e+00
3.000000000000000000e+01,2.100000000000000000e+01,2.100000000000000000e+01
3.900000000000000000e+01,2.700000000000000000e+01,2.700000000000000000e+01
6.000000000000000000e+01,6.000000000000000000e+01,6.000000000000000000e+01
6.000000000000000000e+01,1.500000000000000000e+01,1.500000000000000000e+01
6.000000000000000000e+01,6.000000000000000000e+01,6.000000000000000000e+01
1.800000000000000000e+01,1.200000000000000000e+01,1.200000000000000000e+01
6.000000000000000000e+01,6.000000000000000000e+01,6.000000000000000000e+01
6.000000000000000000e+01,9.000000000000000000e+00,9.000000000000000000e+00
6.000000000000000000e+01,2.100000000000000000e+01,2.100000000000000000e+01
6.000000000000000000e+01,3.000000000000000000e+01,1.623626274399656921e+01
1.800000000000000000e+01,1.200000000000000000e+01,1.200000000000000000e+01
6.000000000000000000e+01,6.000000000000000000e+01,6.000000000000000000e+01
1.500000000000000000e+01,6.000000000000000000e+01,1.500000000000000000e+01
6.000000000000000000e+01,9.000000000000000000e+00,9.000000000000000000e+00
6.000000000000000000e+01,1.800000000000000000e+01,1.800000000000000000e+01
6.000000000000000000e+01,1.200000000000000000e+01,1.200000000000000000e+01
1.500000000000000000e+01,1.200000000000000000e+01,1.200000000000000000e+01
6.000000000000000000e+01,6.000000000000000000e+01,6.000000000000000000e+01
6.000000000000000000e+01,6.000000000000000000e+01,6.000000000000000000e+01
4.500000000000000000e+01,2.700000000000000000e+01,2.700000000000000000e+01
3.000000000000000000e+01,1.500000000000000000e+01,1.500000000000000000e+01
6.000000000000000000e+01,6.000000000000000000e+01,6.000000000000000000e+01
1.800000000000000000e+01,1.200000000000000000e+01,1.200000000000000000e+01
2.100000000000000000e+01,6.000000000000000000e+01,2.100000000000000000e+01
6.000000000000000000e+01,6.000000000000000000e+01,4.928054222984827959e+01
6.000000000000000000e+01,6.000000000000000000e+01,6.000000000000000000e+01
1.500000000000000000e+01,1.200000000000000000e+01,1.200000000000000000e+01
6.000000000000000000e+01,6.000000000000000000e+01,6.000000000000000000e+01
6.000000000000000000e+01,6.000000000000000000e+01,3.622825835289871321e+01
6.000000000000000000e+01,6.000000000000000000e+01,6.000000000000000000e+01
5.700000000000000000e+01,3.000000000000000000e+01,4.389236866317352437e+00
6.000000000000000000e+01,1.200000000000000000e+01,1.200000000000000000e+01
6.000000000000000000e+01,1.200000000000000000e+01,1.200000000000000000e+01
2.100000000000000000e+01,1.200000000000000000e+01,1.200000000000000000e+01
6.000000000000000000e+01,9.000000000000000000e+00,9.000000000000000000e+00
6.000000000000000000e+01,6.000000000000000000e+01,6.000000000000000000e+01
6.000000000000000000e+01,6.000000000000000000e+01,6.000000000000000000e+01
2.400000000000000000e+01,1.200000000000000000e+01,1.200000000000000000e+01
6.000000000000000000e+01,6.000000000000000000e+01,6.000000000000000000e+01
2.700000000000000000e+01,1.500000000000000000e+01,1.500000000000000000e+01
6.000000000000000000e+01,6.000000000000000000e+01,6.000000000000000000e+01
6.000000000000000000e+01,9.000000000000000000e+00,9.000000000000000000e+00
2.400000000000000000e+01,1.200000000000000000e+01,1.200000000000000000e+01
6.000000000000000000e+01,6.000000000000000000e+01,6.000000000000000000e+01
6.000000000000000000e+01,6.000000000000000000e+01,3.928710308097306836e+01
3.900000000000000000e+01,6.000000000000000000e+01,3.900000000000000000e+01
6.000000000000000000e+01,6.000000000000000000e+01,6.000000000000000000e+01
6.000000000000000000e+01,6.000000000000000000e+01,2.447139262857401931e+01
4.200000000000000000e+01,6.000000000000000000e+01,4.200000000000000000e+01
1.500000000000000000e+01,1.200000000000000000e+01,1.200000000000000000e+01
3.300000000000000000e+01,2.100000000000000000e+01,2.100000000000000000e+01
1.800000000000000000e+01,6.000000000000000000e+01,1.800000000000000000e+01
6.000000000000000000e+01,9.000000000000000000e+00,9.000000000000000000e+00
6.000000000000000000e+01,6.000000000000000000e+01,6.000000000000000000e+01
6.000000000000000000e+01,6.000000000000000000e+01,5.901645850624689871e+01
6.000000000000000000e+01,9.000000000000000000e+00,9.000000000000000000e+00
6.000000000000000000e+01,6.000000000000000000e+01,6.000000000000000000e+01
6.000000000000000000e+01,6.000000000000000000e+01,2.670318635385654282e+00
6.000000000000000000e+01,6.000000000000000000e+01,1.528046388505472564e+01
6.000000000000000000e+01,1.500000000000000000e+01,1.500000000000000000e+01
6.000000000000000000e+01,9.000000000000000000e+00,9.000000000000000000e+00
6.000000000000000000e+01,6.000000000000000000e+01,6.000000000000000000e+01
3.000000000000000000e+01,1.500000000000000000e+01,1.500000000000000000e+01
6.000000000000000000e+01,2.700000000000000000e+01,3.211589684136336054e+00
6.000000000000000000e+01,6.000000000000000000e+01,6.000000000000000000e+01
3.900000000000000000e+01,6.000000000000000000e+01,3.900000000000000000e+01
6.000000000000000000e+01,6.000000000000000000e+01,6.000000000000000000e+01
5.400000000000000000e+01,3.600000000000000000e+01,3.600000000000000000e+01
2.100000000000000000e+01,1.500000000000000000e+01,1.500000000000000000e+01
6.000000000000000000e+01,1.500000000000000000e+01,1.500000000000000000e+01
6.000000000000000000e+01,6.000000000000000000e+01,6.000000000000000000e+01
9.000000000000000000e+00,9.000000000000000000e+00,9.000000000000000000e+00
5.400000000000000000e+01,3.300000000000000000e+01,3.300000000000000000e+01
6.000000000000000000e+01,6.000000000000000000e+01,1.623626274399656921e+01
9.000000000000000000e+00,9.000000000000000000e+00,9.000000000000000000e+00
6.000000000000000000e+01,6.000000000000000000e+01,6.000000000000000000e+01
3.900000000000000000e+01,3.000000000000000000e+01,3.000000000000000000e+01
2.400000000000000000e+01,1.200000000000000000e+01,1.200000000000000000e+01
6.000000000000000000e+01,6.000000000000000000e+01,6.000000000000000000e+01
6.000000000000000000e+01,6.000000000000000000e+01,6.000000000000000000e+01
6.000000000000000000e+01,2.400000000000000000e+01,2.400000000000000000e+01
6.000000000000000000e+01,2.700000000000000000e+01,2.700000000000000000e+01
6.000000000000000000e+01,6.000000000000000000e+01,6.000000000000000000e+01
6.000000000000000000e+01,6.000000000000000000e+01,6.000000000000000000e+01
2.700000000000000000e+01,6.000000000000000000e+01,2.700000000000000000e+01
1.500000000000000000e+01,9.000000000000000000e+00,9.000000000000000000e+00
9.000000000000000000e+00,6.000000000000000000e+00,6.000000000000000000e+00
6.000000000000000000e+01,6.000000000000000000e+01,4.840662102477986650e+01
1.500000000000000000e+01,6.000000000000000000e+01,1.500000000000000000e+01
6.000000000000000000e+01,6.000000000000000000e+01,6.000000000000000000e+01
6.000000000000000000e+01,6.000000000000000000e+01,6.000000000000000000e+01
1.200000000000000000e+01,9.000000000000000000e+00,9.000000000000000000e+00
1.200000000000000000e+01,9.000000000000000000e+00,9.000000000000000000e+00
6.000000000000000000e+01,6.000000000000000000e+01,6.000000000000000000e+01
2.400000000000000000e+01,1.500000000000000000e+01,4.389236866317352437e+00
2.700000000000000000e+01,6.000000000000000000e+01,2.700000000000000000e+01
6.000000000000000000e+01,1.500000000000000000e+01,1.500000000000000000e+01
1.800000000000000000e+01,1.200000000000000000e+01,1.200000000000000000e+01
1.200000000000000000e+01,9.000000000000000000e+00,9.000000000000000000e+00
6.000000000000000000e+01,1.800000000000000000e+01,1.800000000000000000e+01
4.500000000000000000e+01,2.400000000000000000e+01,2.400000000000000000e+01
6.000000000000000000e+01,1.800000000000000000e+01,1.800000000000000000e+01
6.000000000000000000e+01,4.500000000000000000e+01,4.500000000000000000e+01
6.000000000000000000e+01,6.000000000000000000e+01,6.000000000000000000e+01
2.400000000000000000e+01,1.500000000000000000e+01,1.500000000000000000e+01
4.500000000000000000e+01,2.700000000000000000e+01,2.700000000000000000e+01
1.800000000000000000e+01,1.500000000000000000e+01,1.500000000000000000e+01
5.100000000000000000e+01,2.700000000000000000e+01,2.700000000000000000e+01
1.200000000000000000e+01,1.200000000000000000e+01,1.200000000000000000e+01
6.000000000000000000e+01,6.000000000000000000e+01,6.000000000000000000e+01
6.000000000000000000e+01,6.000000000000000000e+01,6.000000000000000000e+01
5.100000000000000000e+01,6.000000000000000000e+01,2.447139262857401931e+01
6.000000000000000000e+01,6.000000000000000000e+01,6.000000000000000000e+01
6.000000000000000000e+01,6.000000000000000000e+01,6.000000000000000000e+01
6.000000000000000000e+01,3.000000000000000000e+01,3.000000000000000000e+01
1.500000000000000000e+01,9.000000000000000000e+00,9.000000000000000000e+00
3.900000000000000000e+01,6.000000000000000000e+01,3.900000000000000000e+01
6.000000000000000000e+01,5.100000000000000000e+01,5.100000000000000000e+01
6.000000000000000000e+01,6.000000000000000000e+01,5.901645850624689871e+01
9.000000000000000000e+00,9.000000000000000000e+00,9.000000000000000000e+00
6.000000000000000000e+01,6.000000000000000000e+01,6.000000000000000000e+01
2.100000000000000000e+01,6.000000000000000000e+01,2.670318635385654282e+00
2.700000000000000000e+01,1.500000000000000000e+01,1.500000000000000000e+01
6.000000000000000000e+01,1.800000000000000000e+01,1.604871302284263024e+01
6.000000000000000000e+01,6.000000000000000000e+01,6.000000000000000000e+01
6.000000000000000000e+01,6.000000000000000000e+01,6.000000000000000000e+01
6.000000000000000000e+01,6.000000000000000000e+01,6.000000000000000000e+01
6.000000000000000000e+01,6.000000000000000000e+01,3.211589684136336054e+00
6.000000000000000000e+01,6.000000000000000000e+01,6.000000000000000000e+01
2.400000000000000000e+01,6.000000000000000000e+01,2.400000000000000000e+01
1.500000000000000000e+01,9.000000000000000000e+00,9.000000000000000000e+00
2.400000000000000000e+01,1.500000000000000000e+01,1.500000000000000000e+01
1.500000000000000000e+01,6.000000000000000000e+01,1.500000000000000000e+01
3.900000000000000000e+01,6.000000000000000000e+01,3.900000000000000000e+01
2.100000000000000000e+01,6.000000000000000000e+01,2.100000000000000000e+01
6.000000000000000000e+01,6.000000000000000000e+01,6.000000000000000000e+01
3.300000000000000000e+01,2.400000000000000000e+01,2.400000000000000000e+01
6.000000000000000000e+01,3.900000000000000000e+01,1.623626274399656921e+01
6.000000000000000000e+01,6.000000000000000000e+01,6.000000000000000000e+01
9.000000000000000000e+00,9.000000000000000000e+00,9.000000000000000000e+00
6.000000000000000000e+01,1.200000000000000000e+01,1.200000000000000000e+01
2.700000000000000000e+01,6.000000000000000000e+01,2.700000000000000000e+01
6.000000000000000000e+01,6.000000000000000000e+01,6.000000000000000000e+01
6.000000000000000000e+01,6.000000000000000000e+01,6.000000000000000000e+01
4.800000000000000000e+01,6.000000000000000000e+01,4.800000000000000000e+01
6.000000000000000000e+01,1.500000000000000000e+01,1.500000000000000000e+01
6.000000000000000000e+01,6.000000000000000000e+00,6.000000000000000000e+00
1.800000000000000000e+01,9.000000000000000000e+00,9.000000000000000000e+00
6.000000000000000000e+01,6.000000000000000000e+01,6.000000000000000000e+01
6.000000000000000000e+01,6.000000000000000000e+01,6.000000000000000000e+01
6.000000000000000000e+01,1.200000000000000000e+01,1.200000000000000000e+01
9.000000000000000000e+00,6.000000000000000000e+01,9.000000000000000000e+00
2.100000000000000000e+01,1.500000000000000000e+01,1.500000000000000000e+01
3.900000000000000000e+01,2.100000000000000000e+01,2.100000000000000000e+01
4.800000000000000000e+01,6.000000000000000000e+01,4.800000000000000000e+01
3.900000000000000000e+01,6.000000000000000000e+01,3.900000000000000000e+01
6.000000000000000000e+01,1.500000000000000000e+01,1.500000000000000000e+01
6.000000000000000000e+01,1.200000000000000000e+01,1.200000000000000000e+01
2.100000000000000000e+01,1.200000000000000000e+01,4.389236866317352437e+00
1.800000000000000000e+01,6.000000000000000000e+01,1.800000000000000000e+01
3.300000000000000000e+01,6.000000000000000000e+01,3.300000000000000000e+01
6.000000000000000000e+01,6.000000000000000000e+01,6.000000000000000000e+01
6.000000000000000000e+01,6.000000000000000000e+01,6.000000000000000000e+01
6.000000000000000000e+01,6.000000000000000000e+01,6.000000000000000000e+01
6.000000000000000000e+01,6.000000000000000000e+01,6.000000000000000000e+01
1.500000000000000000e+01,1.200000000000000000e+01,1.200000000000000000e+01
4.500000000000000000e+01,6.000000000000000000e+01,4.500000000000000000e+01
6.000000000000000000e+01,2.400000000000000000e+01,2.400000000000000000e+01
6.000000000000000000e+01,2.400000000000000000e+01,2.400000000000000000e+01
2.700000000000000000e+01,6.000000000000000000e+01,2.700000000000000000e+01
6.000000000000000000e+01,6.000000000000000000e+01,6.000000000000000000e+01
6.000000000000000000e+01,6.000000000000000000e+01,6.000000000000000000e+01
9.000000000000000000e+00,6.000000000000000000e+00,6.000000000000000000e+00
1.500000000000000000e+01,9.000000000000000000e+00,9.000000000000000000e+00
6.000000000000000000e+01,6.000000000000000000e+01,6.000000000000000000e+01
6.000000000000000000e+01,6.000000000000000000e+01,2.447139262857401931e+01
6.000000000000000000e+01,6.000000000000000000e+01,6.000000000000000000e+01
6.000000000000000000e+01,6.000000000000000000e+01,6.000000000000000000e+01
9.000000000000000000e+00,6.000000000000000000e+00,6.000000000000000000e+00
6.000000000000000000e+01,6.000000000000000000e+01,6.000000000000000000e+01
6.000000000000000000e+01,6.000000000000000000e+01,6.000000000000000000e+01
3.300000000000000000e+01,2.400000000000000000e+01,2.400000000000000000e+01
1.500000000000000000e+01,1.200000000000000000e+01,1.200000000000000000e+01
6.000000000000000000e+01,6.000000000000000000e+01,6.000000000000000000e+01
2.100000000000000000e+01,6.000000000000000000e+01,2.100000000000000000e+01
6.000000000000000000e+01,2.400000000000000000e+01,2.670318635385654282e+00
6.000000000000000000e+01,6.000000000000000000e+01,1.528046388505472564e+01
6.000000000000000000e+01,1.500000000000000000e+01,1.500000000000000000e+01
1.500000000000000000e+01,1.200000000000000000e+01,1.200000000000000000e+01
1.500000000000000000e+01,1.200000000000000000e+01,1.200000000000000000e+01
