6.000000000000000000e+01,9.000000000000000000e+00,9.000000000000000000e+00
6.000000000000000000e+01,6.000000000000000000e+01,6.000000000000000000e+01
6.000000000000000000e+01,6.000000000000000000e+01,6.000000000000000000e+01
6.000000000000000000e+01,9.000000000000000000e+00,9.000000000000000000e+00
6.000000000000000000e+01,1.200000000000000000e+01,1.200000000000000000e+01
1.200000000000000000e+01,9.000000000000000000e+00,9.000000000000000000e+00
6.000000000000000000e+01,2.100000000000000000e+01,2.100000000000000000e+01
6.000000000000000000e+01,6.000000000000000000e+01,2.467692731092837377e+00
6.000000000000000000e+01,6.000000000000000000e+01,6.000000000000000000e+01
6.000000000000000000e+01,1.200000000000000000e+01,1.200000000000000000e+01
6.000000000000000000e+01,6.000000000000000000e+01,8.529186878025301510e+00
6.000000000000000000e+01,6.000000000000000000e+01,6.000000000000000000e+01
1.200000000000000000e+01,6.000000000000000000e+00,6.000000000000000000e+00
6.000000000000000000e+01,6.000000000000000000e+00,6.000000000000000000e+00
3.900000000000000000e+01,2.400000000000000000e+01,2.400000000000000000e+01
2.100000000000000000e+01,6.000000000000000000e+01,2.100000000000000000e+01
1.500000000000000000e+01,9.000000000000000000e+00,9.000000000000000000e+00
6.000000000000000000e+01,9.000000000000000000e+00,9.000000000000000000e+00
6.000000000000000000e+01,6.000000000000000000e+00,6.000000000000000000e+00
6.000000000000000000e+01,4.800000000000000000e+01,4.800000000000000000e+01
6.000000000000000000e+01,1.500000000000000000e+01,1.500000000000000000e+01
9.000000000000000000e+00,6.000000000000000000e+00,6.000000000000000000e+00
6.000000000000000000e+01,9.000000000000000000e+00,9.000000000000000000e+00
6.000000000000000000e+01,6.000000000000000000e+01,6.000000000000000000e+01
6.000000000000000000e+01,6.000000000000000000e+01,6.000000000000000000e+01
6.000000000000000000e+01,9.000000000000000000e+00,9.000000000000000000e+00
6.000000000000000000e+01,6.000000000000000000e+01,6.000000000000000000e+01
6.000000000000000000e+01,6.000000000000000000e+01,5.266540906863033911e+01
6.000000000000000000e+01,5.400000000000000000e+01,5.400000000000000000e+01
6.000000000000000000e+00,6.000000000000000000e+00,6.000000000000000000e+00
6.000000000000000000e+01,2.700000000000000000e+01,2.700000000000000000e+01
6.000000000000000000e+01,1.200000000000000000e+01,1.200000000000000000e+01
6.000000000000000000e+01,2.700000000000000000e+01,1.746252207561272130e+01
6.000000000000000000e+00,6.000000000000000000e+00,6.000000000000000000e+00
6.000000000000000000e+01,2.100000000000000000e+01,1.560540567371898391e+01
6.000000000000000000e+01,1.500000000000000000e+01,1.500000000000000000e+01
6.000000000000000000e+01,1.500000000000000000e+01,1.500000000000000000e+01
6.000000000000000000e+01,6.000000000000000000e+00,6.000000000000000000e+00
2.700000000000000000e+01,1.200000000000000000e+01,1.200000000000000000e+01
6.000000000000000000e+01,9.000000000000000000e+00,9.000000000000000000e+00
6.000000000000000000e+01,9.000000000000000000e+00,9.000000000000000000e+00
6.000000000000000000e+01,1.200000000000000000e+01,1.200000000000000000e+01
3.600000000000000000e+01,2.100000000000000000e+01,2.100000000000000000e+01
6.000000000000000000e+01,6.000000000000000000e+00,6.000000000000000000e+00
6.000000000000000000e+01,1.200000000000000000e+01,1.200000000000000000e+01
6.000000000000000000e+01,1.200000000000000000e+01,1.200000000000000000e+01
6.000000000000000000e+01,1.200000000000000000e+01,1.200000000000000000e+01
9.000000000000000000e+00,6.000000000000000000e+00,6.000000000000000000e+00
1.800000000000000000e+01,6.000000000000000000e+01,1.800000000000000000e+01
1.200000000000000000e+01,6.000000000000000000e+00,6.000000000000000000e+00
2.400000000000000000e+01,6.000000000000000000e+01,2.400000000000000000e+01
6.000000000000000000e+01,6.000000000000000000e+01,6.000000000000000000e+01
6.000000000000000000e+01,6.000000000000000000e+00,6.000000000000000000e+00
3.300000000000000000e+01,2.100000000000000000e+01,2.100000000000000000e+01
6.000000000000000000e+01,9.000000000000000000e+00,9.000000000000000000e+00
6.000000000000000000e+01,9.000000000000000000e+00,9.000000000000000000e+00
6.000000000000000000e+01,9.000000000000000000e+00,9.000000000000000000e+00
1.500000000000000000e+01,6.000000000000000000e+01,1.500000000000000000e+01
6.000000000000000000e+01,6.000000000000000000e+00,6.000000000000000000e+00
6.000000000000000000e+01,9.000000000000000000e+00,9.000000000000000000e+00
2.400000000000000000e+01,1.500000000000000000e+01,1.500000000000000000e+01
6.000000000000000000e+01,9.000000000000000000e+00,9.000000000000000000e+00
6.000000000000000000e+01,1.200000000000000000e+01,1.200000000000000000e+01
3.000000000000000000e+01,6.000000000000000000e+01,3.000000000000000000e+01
3.000000000000000000e+01,1.800000000000000000e+01,1.800000000000000000e+01
1.800000000000000000e+01,1.200000000000000000e+01,1.200000000000000000e+01
6.000000000000000000e+01,6.000000000000000000e+01,6.000000000000000000e+01
6.000000000000000000e+01,5.100000000000000000e+01,2.118752736904793110e+01
6.000000000000000000e+01,6.000000000000000000e+01,6.000000000000000000e+01
6.000000000000000000e+01,6.000000000000000000e+00,6.000000000000000000e+00
3.000000000000000000e+01,1.800000000000000000e+01,1.800000000000000000e+01
1.200000000000000000e+01,6.000000000000000000e+01,2.467692731092837377e+00
6.000000000000000000e+01,6.000000000000000000e+01,6.000000000000000000e+01
6.000000000000000000e+01,1.500000000000000000e+01,1.500000000000000000e+01
6.000000000000000000e+01,6.000000000000000000e+01,8.529186878025301510e+00
6.000000000000000000e+01,6.000000000000000000e+00,6.000000000000000000e+00
6.000000000000000000e+01,9.000000000000000000e+00,9.000000000000000000e+00
6.000000000000000000e+01,9.000000000000000000e+00,9.000000000000000000e+00
6.000000000000000000e+01,6.000000000000000000e+01,6.000000000000000000e+01
6.000000000000000000e+01,6.000000000000000000e+01,6.000000000000000000e+01
6.000000000000000000e+01,1.800000000000000000e+01,1.800000000000000000e+01
2.400000000000000000e+01,1.500000000000000000e+01,1.500000000000000000e+01
6.000000000000000000e+01,6.000000000000000000e+01,6.000000000000000000e+01
6.000000000000000000e+01,6.000000000000000000e+01,6.000000000000000000e+01
6.000000000000000000e+01,1.800000000000000000e+01,1.800000000000000000e+01
6.000000000000000000e+01,6.000000000000000000e+01,6.000000000000000000e+01
9.000000000000000000e+00,9.000000000000000000e+00,9.000000000000000000e+00
6.000000000000000000e+01,6.000000000000000000e+00,6.000000000000000000e+00
6.000000000000000000e+01,1.500000000000000000e+01,1.500000000000000000e+01
6.000000000000000000e+01,1.200000000000000000e+01,1.200000000000000000e+01
6.000000000000000000e+01,3.600000000000000000e+01,3.600000000000000000e+01
6.000000000000000000e+00,6.000000000000000000e+01,6.000000000000000000e+00
1.500000000000000000e+01,9.000000000000000000e+00,9.000000000000000000e+00
6.000000000000000000e+01,5.100000000000000000e+01,5.100000000000000000e+01
6.000000000000000000e+01,6.000000000000000000e+01,4.417961755087687692e+01
6.000000000000000000e+01,1.200000000000000000e+01,1.200000000000000000e+01
6.000000000000000000e+01,6.000000000000000000e+01,1.746252207561272130e+01
6.000000000000000000e+01,1.200000000000000000e+01,1.200000000000000000e+01
6.000000000000000000e+01,3.900000000000000000e+01,1.560540567371898391e+01
9.000000000000000000e+00,9.000000000000000000e+00,9.000000000000000000e+00
6.000000000000000000e+01,2.700000000000000000e+01,2.700000000000000000e+01
9.000000000000000000e+00,6.000000000000000000e+00,6.000000000000000000e+00
6.000000000000000000e+01,9.000000000000000000e+00,9.000000000000000000e+00
6.000000000000000000e+01,1.200000000000000000e+01,1.200000000000000000e+01
6.000000000000000000e+01,9.000000000000000000e+00,9.000000000000000000e+00
1.500000000000000000e+01,9.000000000000000000e+00,9.000000000000000000e+00
6.000000000000000000e+01,1.500000000000000000e+01,1.500000000000000000e+01
6.000000000000000000e+01,6.000000000000000000e+00,6.000000000000000000e+00
6.000000000000000000e+00,6.000000000000000000e+00,6.000000000000000000e+00
2.100000000000000000e+01,1.200000000000000000e+01,1.200000000000000000e+01
6.000000000000000000e+01,1.500000000000000000e+01,1.500000000000000000e+01
9.000000000000000000e+00,6.000000000000000000e+00,6.000000000000000000e+00
6.000000000000000000e+01,2.400000000000000000e+01,2.400000000000000000e+01
6.000000000000000000e+01,1.200000000000000000e+01,1.200000000000000000e+01
6.000000000000000000e+01,9.000000000000000000e+00,9.000000000000000000e+00
6.000000000000000000e+01,6.000000000000000000e+01,6.000000000000000000e+01
2.700000000000000000e+01,6.000000000000000000e+01,2.700000000000000000e+01
6.000000000000000000e+01,3.000000000000000000e+01,3.000000000000000000e+01
6.000000000000000000e+01,6.000000000000000000e+00,6.000000000000000000e+00
6.000000000000000000e+01,6.000000000000000000e+00,6.000000000000000000e+00
6.000000000000000000e+01,6.000000000000000000e+00,6.000000000000000000e+00
6.000000000000000000e+01,1.200000000000000000e+01,1.200000000000000000e+01
6.000000000000000000e+01,2.100000000000000000e+01,2.100000000000000000e+01
6.000000000000000000e+01,5.700000000000000000e+01,5.700000000000000000e+01
2.700000000000000000e+01,1.200000000000000000e+01,1.200000000000000000e+01
6.000000000000000000e+01,1.200000000000000000e+01,1.200000000000000000e+01
1.200000000000000000e+01,6.000000000000000000e+00,6.000000000000000000e+00
1.800000000000000000e+01,1.200000000000000000e+01,1.200000000000000000e+01
6.000000000000000000e+01,6.000000000000000000e+01,6.000000000000000000e+01
6.000000000000000000e+01,1.800000000000000000e+01,1.800000000000000000e+01
9.000000000000000000e+00,6.000000000000000000e+00,6.000000000000000000e+00
6.000000000000000000e+01,6.000000000000000000e+01,2.118752736904793110e+01
1.200000000000000000e+01,9.000000000000000000e+00,9.000000000000000000e+00
6.000000000000000000e+01,6.000000000000000000e+00,6.000000000000000000e+00
6.000000000000000000e+01,9.000000000000000000e+00,9.000000000000000000e+00
9.000000000000000000e+00,6.000000000000000000e+00,2.467692731092837377e+00
6.000000000000000000e+01,6.000000000000000000e+01,6.000000000000000000e+01
6.000000000000000000e+00,6.000000000000000000e+00,5.466666666666666785e+00
9.000000000000000000e+00,6.000000000000000000e+00,6.000000000000000000e+00
1.200000000000000000e+01,9.000000000000000000e+00,9.000000000000000000e+00
6.000000000000000000e+01,9.000000000000000000e+00,9.000000000000000000e+00
6.000000000000000000e+01,1.200000000000000000e+01,1.200000000000000000e+01
6.000000000000000000e+01,9.000000000000000000e+00,9.000000000000000000e+00
6.000000000000000000e+00,6.000000000000000000e+00,6.000000000000000000e+00
6.000000000000000000e+01,9.000000000000000000e+00,9.000000000000000000e+00
9.000000000000000000e+00,6.000000000000000000e+00,6.000000000000000000e+00
6.000000000000000000e+01,6.000000000000000000e+01,6.000000000000000000e+01
6.000000000000000000e+01,6.000000000000000000e+01,6.000000000000000000e+01
6.000000000000000000e+01,6.000000000000000000e+00,6.000000000000000000e+00
1.200000000000000000e+01,6.000000000000000000e+01,1.200000000000000000e+01
6.000000000000000000e+01,4.200000000000000000e+01,4.200000000000000000e+01
5.100000000000000000e+01,2.700000000000000000e+01,2.700000000000000000e+01
6.000000000000000000e+01,6.000000000000000000e+00,6.000000000000000000e+00
2.100000000000000000e+01,1.200000000000000000e+01,1.200000000000000000e+01
6.000000000000000000e+01,9.000000000000000000e+00,9.000000000000000000e+00
1.500000000000000000e+01,9.000000000000000000e+00,9.000000000000000000e+00
6.000000000000000000e+01,6.000000000000000000e+00,6.000000000000000000e+00
6.000000000000000000e+01,1.500000000000000000e+01,1.500000000000000000e+01
6.000000000000000000e+01,6.000000000000000000e+00,6.000000000000000000e+00
6.000000000000000000e+01,6.000000000000000000e+01,6.000000000000000000e+01
1.800000000000000000e+01,1.500000000000000000e+01,1.500000000000000000e+01
6.000000000000000000e+01,2.100000000000000000e+01,1.276576131399797731e+01
6.000000000000000000e+01,6.000000000000000000e+00,6.000000000000000000e+00
6.000000000000000000e+01,6.000000000000000000e+01,6.000000000000000000e+01
6.000000000000000000e+01,6.000000000000000000e+01,6.000000000000000000e+01
1.200000000000000000e+01,6.000000000000000000e+00,6.000000000000000000e+00
1.200000000000000000e+01,6.000000000000000000e+00,6.000000000000000000e+00
6.000000000000000000e+01,6.000000000000000000e+01,2.814197397026641667e+01
1.200000000000000000e+01,6.000000000000000000e+00,6.000000000000000000e+00
6.000000000000000000e+01,4.200000000000000000e+01,4.200000000000000000e+01
4.200000000000000000e+01,2.400000000000000000e+01,2.400000000000000000e+01
6.000000000000000000e+01,1.200000000000000000e+01,1.200000000000000000e+01
6.000000000000000000e+01,1.800000000000000000e+01,1.800000000000000000e+01
1.800000000000000000e+01,1.200000000000000000e+01,1.200000000000000000e+01
6.000000000000000000e+01,9.000000000000000000e+00,9.000000000000000000e+00
1.200000000000000000e+01,6.000000000000000000e+01,1.200000000000000000e+01
6.000000000000000000e+01,2.100000000000000000e+01,2.100000000000000000e+01
1.200000000000000000e+01,9.000000000000000000e+00,9.000000000000000000e+00
6.000000000000000000e+01,6.000000000000000000e+00,6.000000000000000000e+00
9.000000000000000000e+00,6.000000000000000000e+00,6.000000000000000000e+00
6.000000000000000000e+01,6.000000000000000000e+00,6.000000000000000000e+00
6.000000000000000000e+01,6.000000000000000000e+00,6.000000000000000000e+00
6.000000000000000000e+01,6.000000000000000000e+01,2.597142240015533332e+01
6.000000000000000000e+01,6.000000000000000000e+00,6.000000000000000000e+00
6.000000000000000000e+01,6.000000000000000000e+01,1.134538942137945128e+01
6.000000000000000000e+01,1.500000000000000000e+01,1.500000000000000000e+01
1.500000000000000000e+01,1.200000000000000000e+01,1.200000000000000000e+01
6.000000000000000000e+01,9.000000000000000000e+00,9.000000000000000000e+00
6.000000000000000000e+01,9.000000000000000000e+00,9.000000000000000000e+00
6.000000000000000000e+01,6.000000000000000000e+01,4.958318454392511399e+01
6.000000000000000000e+01,6.000000000000000000e+00,6.000000000000000000e+00
6.000000000000000000e+01,2.700000000000000000e+01,2.700000000000000000e+01
6.000000000000000000e+01,2.700000000000000000e+01,2.700000000000000000e+01
3.900000000000000000e+01,2.100000000000000000e+01,2.100000000000000000e+01
6.000000000000000000e+01,6.000000000000000000e+01,6.000000000000000000e+01
3.600000000000000000e+01,6.000000000000000000e+01,2.118752736904793110e+01
6.000000000000000000e+01,9.000000000000000000e+00,9.000000000000000000e+00
6.000000000000000000e+01,6.000000000000000000e+01,6.000000000000000000e+01
1.200000000000000000e+01,6.000000000000000000e+00,6.000000000000000000e+00
6.000000000000000000e+01,2.100000000000000000e+01,2.467692731092837377e+00
3.000000000000000000e+01,1.800000000000000000e+01,1.800000000000000000e+01
6.000000000000000000e+01,9.000000000000000000e+00,9.000000000000000000e+00
6.000000000000000000e+01,6.000000000000000000e+01,8.529186878025301510e+00
6.000000000000000000e+01,9.000000000000000000e+00,9.000000000000000000e+00
6.000000000000000000e+01,6.000000000000000000e+01,6.000000000000000000e+01
2.400000000000000000e+01,6.000000000000000000e+01,2.400000000000000000e+01
6.000000000000000000e+01,6.000000000000000000e+00,6.000000000000000000e+00
6.000000000000000000e+01,6.000000000000000000e+01,6.000000000000000000e+01
6.000000000000000000e+01,2.700000000000000000e+01,2.700000000000000000e+01
6.000000000000000000e+01,1.200000000000000000e+01,1.200000000000000000e+01
2.100000000000000000e+01,1.200000000000000000e+01,1.200000000000000000e+01
6.000000000000000000e+01,6.000000000000000000e+00,6.000000000000000000e+00
6.000000000000000000e+01,6.000000000000000000e+00,6.000000000000000000e+00
6.000000000000000000e+01,2.700000000000000000e+01,2.700000000000000000e+01
6.000000000000000000e+01,6.000000000000000000e+01,6.000000000000000000e+01
6.000000000000000000e+01,6.000000000000000000e+00,6.000000000000000000e+00
6.000000000000000000e+01,6.000000000000000000e+00,6.000000000000000000e+00
9.000000000000000000e+00,6.000000000000000000e+00,6.000000000000000000e+00
9.000000000000000000e+00,9.000000000000000000e+00,9.000000000000000000e+00
6.000000000000000000e+01,6.000000000000000000e+00,6.000000000000000000e+00
1.500000000000000000e+01,9.000000000000000000e+00,9.000000000000000000e+00
6.000000000000000000e+01,6.000000000000000000e+00,6.000000000000000000e+00
6.000000000000000000e+00,6.000000000000000000e+00,6.000000000000000000e+00
6.000000000000000000e+01,1.800000000000000000e+01,1.800000000000000000e+01
6.000000000000000000e+01,6.000000000000000000e+00,6.000000000000000000e+00
6.000000000000000000e+01,3.000000000000000000e+00,3.000000000000000000e+00
6.000000000000000000e+01,6.000000000000000000e+00,6.000000000000000000e+00
6.000000000000000000e+01,6.000000000000000000e+00,6.000000000000000000e+00
6.000000000000000000e+01,9.000000000000000000e+00,9.000000000000000000e+00
6.000000000000000000e+01,9.000000000000000000e+00,9.000000000000000000e+00
6.000000000000000000e+01,9.000000000000000000e+00,9.000000000000000000e+00
6.000000000000000000e+01,6.000000000000000000e+00,6.000000000000000000e+00
6.000000000000000000e+01,6.000000000000000000e+01,6.000000000000000000e+01
6.000000000000000000e+01,9.000000000000000000e+00,9.000000000000000000e+00
2.400000000000000000e+01,1.800000000000000000e+01,1.800000000000000000e+01
6.000000000000000000e+01,6.000000000000000000e+01,6.000000000000000000e+01
9.000000000000000000e+00,6.000000000000000000e+00,6.000000000000000000e+00
6.000000000000000000e+01,6.000000000000000000e+00,6.000000000000000000e+00
6.000000000000000000e+01,6.000000000000000000e+01,6.000000000000000000e+01
6.000000000000000000e+01,6.000000000000000000e+01,6.000000000000000000e+01
6.000000000000000000e+01,9.000000000000000000e+00,9.000000000000000000e+00
2.400000000000000000e+01,1.500000000000000000e+01,1.500000000000000000e+01
6.000000000000000000e+01,6.000000000000000000e+01,6.000000000000000000e+01
6.000000000000000000e+01,9.000000000000000000e+00,9.000000000000000000e+00
6.000000000000000000e+01,6.000000000000000000e+00,6.000000000000000000e+00
6.000000000000000000e+01,9.000000000000000000e+00,9.000000000000000000e+00
6.000000000000000000e+01,5.400000000000000000e+01,2.597142240015533332e+01
1.200000000000000000e+01,9.000000000000000000e+00,9.000000000000000000e+00
6.000000000000000000e+01,6.000000000000000000e+01,1.134538942137945128e+01
6.000000000000000000e+01,1.200000000000000000e+01,1.200000000000000000e+01
6.000000000000000000e+01,6.000000000000000000e+01,6.000000000000000000e+01
6.000000000000000000e+01,1.200000000000000000e+01,1.200000000000000000e+01
9.000000000000000000e+00,6.000000000000000000e+00,6.000000000000000000e+00
6.000000000000000000e+01,1.800000000000000000e+01,1.800000000000000000e+01
6.000000000000000000e+01,1.500000000000000000e+01,1.500000000000000000e+01
1.200000000000000000e+01,9.000000000000000000e+00,9.000000000000000000e+00
6.000000000000000000e+01,6.000000000000000000e+00,6.000000000000000000e+00
6.000000000000000000e+01,9.000000000000000000e+00,9.000000000000000000e+00
1.200000000000000000e+01,6.000000000000000000e+00,6.000000000000000000e+00
6.000000000000000000e+01,9.000000000000000000e+00,9.000000000000000000e+00
4.500000000000000000e+01,3.300000000000000000e+01,3.300000000000000000e+01
9.000000000000000000e+00,6.000000000000000000e+00,6.000000000000000000e+00
6.000000000000000000e+00,6.000000000000000000e+00,5.110000000000000320e+00
4.800000000000000000e+01,3.000000000000000000e+01,3.000000000000000000e+01
6.000000000000000000e+00,3.000000000000000000e+00,3.000000000000000000e+00
6.000000000000000000e+01,4.500000000000000000e+01,4.500000000000000000e+01
6.000000000000000000e+01,3.900000000000000000e+01,3.900000000000000000e+01
6.000000000000000000e+01,1.500000000000000000e+01,8.704278941956776094e+00
1.200000000000000000e+01,6.000000000000000000e+00,6.000000000000000000e+00
6.000000000000000000e+01,1.500000000000000000e+01,2.857058889736822760e+00
6.000000000000000000e+01,2.700000000000000000e+01,2.700000000000000000e+01
6.000000000000000000e+01,6.000000000000000000e+00,6.000000000000000000e+00
6.000000000000000000e+01,1.800000000000000000e+01,1.800000000000000000e+01
6.000000000000000000e+01,6.000000000000000000e+01,6.000000000000000000e+01
6.000000000000000000e+01,6.000000000000000000e+00,6.000000000000000000e+00
6.000000000000000000e+01,6.000000000000000000e+01,6.000000000000000000e+01
6.000000000000000000e+01,1.200000000000000000e+01,1.200000000000000000e+01
6.000000000000000000e+01,1.800000000000000000e+01,1.800000000000000000e+01
1.800000000000000000e+01,1.500000000000000000e+01,1.500000000000000000e+01
6.000000000000000000e+01,3.000000000000000000e+01,3.000000000000000000e+01
6.000000000000000000e+01,2.700000000000000000e+01,2.700000000000000000e+01
6.000000000000000000e+01,9.000000000000000000e+00,9.000000000000000000e+00
6.000000000000000000e+01,9.000000000000000000e+00,9.000000000000000000e+00
6.000000000000000000e+01,6.000000000000000000e+01,6.000000000000000000e+01
1.500000000000000000e+01,1.200000000000000000e+01,1.200000000000000000e+01
6.000000000000000000e+01,1.500000000000000000e+01,1.500000000000000000e+01
6.000000000000000000e+01,6.000000000000000000e+00,6.000000000000000000e+00
6.000000000000000000e+01,9.000000000000000000e+00,9.000000000000000000e+00
2.400000000000000000e+01,1.200000000000000000e+01,1.200000000000000000e+01
6.000000000000000000e+01,4.500000000000000000e+01,4.500000000000000000e+01
5.400000000000000000e+01,3.300000000000000000e+01,3.300000000000000000e+01
3.300000000000000000e+01,2.400000000000000000e+01,2.400000000000000000e+01
6.000000000000000000e+01,1.200000000000000000e+01,1.200000000000000000e+01
6.000000000000000000e+01,1.200000000000000000e+01,1.200000000000000000e+01
6.000000000000000000e+01,9.000000000000000000e+00,9.000000000000000000e+00
6.000000000000000000e+01,9.000000000000000000e+00,9.000000000000000000e+00
6.000000000000000000e+01,9.000000000000000000e+00,9.000000000000000000e+00
6.000000000000000000e+01,2.100000000000000000e+01,2.100000000000000000e+01
1.500000000000000000e+01,9.000000000000000000e+00,9.000000000000000000e+00
3.000000000000000000e+01,1.500000000000000000e+01,1.500000000000000000e+01
6.000000000000000000e+01,4.500000000000000000e+01,4.500000000000000000e+01
1.800000000000000000e+01,1.200000000000000000e+01,1.200000000000000000e+01
6.000000000000000000e+01,6.000000000000000000e+00,6.000000000000000000e+00
6.000000000000000000e+01,6.000000000000000000e+00,6.000000000000000000e+00
6.000000000000000000e+01,6.000000000000000000e+01,6.000000000000000000e+01
6.000000000000000000e+01,6.000000000000000000e+01,2.069303596924984845e+01
6.000000000000000000e+01,9.000000000000000000e+00,6.304988310959995346e+00
6.000000000000000000e+01,6.000000000000000000e+01,6.000000000000000000e+01
6.000000000000000000e+01,9.000000000000000000e+00,9.000000000000000000e+00
6.000000000000000000e+01,6.000000000000000000e+00,6.000000000000000000e+00
6.000000000000000000e+01,9.000000000000000000e+00,9.000000000000000000e+00
6.000000000000000000e+01,9.000000000000000000e+00,9.000000000000000000e+00
1.200000000000000000e+01,9.000000000000000000e+00,9.000000000000000000e+00
1.200000000000000000e+01,9.000000000000000000e+00,9.000000000000000000e+00
3.600000000000000000e+01,2.400000000000000000e+01,2.400000000000000000e+01
6.000000000000000000e+01,2.100000000000000000e+01,2.100000000000000000e+01
9.000000000000000000e+00,6.000000000000000000e+00,6.000000000000000000e+00
6.000000000000000000e+01,6.000000000000000000e+01,6.000000000000000000e+01
6.000000000000000000e+01,6.000000000000000000e+01,1.791794175064621020e-01
6.000000000000000000e+01,6.000000000000000000e+00,6.000000000000000000e+00
6.000000000000000000e+01,1.500000000000000000e+01,1.031482895994347615e+01
1.500000000000000000e+01,1.200000000000000000e+01,1.200000000000000000e+01
6.000000000000000000e+01,1.200000000000000000e+01,1.200000000000000000e+01
6.000000000000000000e+01,6.000000000000000000e+01,6.000000000000000000e+01
1.200000000000000000e+01,9.000000000000000000e+00,9.000000000000000000e+00
6.000000000000000000e+01,6.000000000000000000e+01,6.000000000000000000e+01
6.000000000000000000e+01,6.000000000000000000e+00,6.000000000000000000e+00
6.000000000000000000e+01,6.000000000000000000e+01,6.000000000000000000e+01
2.400000000000000000e+01,1.500000000000000000e+01,1.500000000000000000e+01
2.400000000000000000e+01,1.200000000000000000e+01,1.200000000000000000e+01
6.000000000000000000e+01,9.000000000000000000e+00,9.000000000000000000e+00
6.000000000000000000e+01,2.700000000000000000e+01,8.704278941956776094e+00
6.000000000000000000e+01,1.500000000000000000e+01,1.500000000000000000e+01
6.000000000000000000e+01,6.000000000000000000e+01,2.857058889736822760e+00
1.500000000000000000e+01,9.000000000000000000e+00,9.000000000000000000e+00
3.900000000000000000e+01,2.400000000000000000e+01,2.400000000000000000e+01
6.000000000000000000e+01,6.000000000000000000e+01,5.601159349208476357e+01
1.500000000000000000e+01,9.000000000000000000e+00,9.000000000000000000e+00
2.100000000000000000e+01,1.500000000000000000e+01,1.500000000000000000e+01
6.000000000000000000e+01,6.000000000000000000e+01,6.000000000000000000e+01
2.700000000000000000e+01,1.800000000000000000e+01,1.800000000000000000e+01
1.200000000000000000e+01,6.000000000000000000e+00,6.000000000000000000e+00
5.400000000000000000e+01,6.000000000000000000e+01,5.400000000000000000e+01
1.500000000000000000e+01,1.200000000000000000e+01,1.200000000000000000e+01
3.600000000000000000e+01,1.800000000000000000e+01,1.800000000000000000e+01
2.100000000000000000e+01,9.000000000000000000e+00,9.000000000000000000e+00
2.100000000000000000e+01,1.200000000000000000e+01,1.200000000000000000e+01
6.000000000000000000e+01,1.800000000000000000e+01,1.800000000000000000e+01
6.000000000000000000e+01,6.000000000000000000e+01,6.000000000000000000e+01
6.000000000000000000e+01,9.000000000000000000e+00,9.000000000000000000e+00
6.000000000000000000e+01,1.200000000000000000e+01,1.200000000000000000e+01
9.000000000000000000e+00,6.000000000000000000e+00,6.000000000000000000e+00
6.000000000000000000e+01,1.500000000000000000e+01,1.500000000000000000e+01
1.500000000000000000e+01,1.500000000000000000e+01,1.500000000000000000e+01
6.000000000000000000e+01,1.200000000000000000e+01,1.200000000000000000e+01
9.000000000000000000e+00,6.000000000000000000e+00,6.000000000000000000e+00
4.500000000000000000e+01,3.000000000000000000e+01,3.000000000000000000e+01
6.000000000000000000e+01,6.000000000000000000e+01,6.000000000000000000e+01
1.200000000000000000e+01,9.000000000000000000e+00,9.000000000000000000e+00
5.400000000000000000e+01,6.000000000000000000e+01,5.400000000000000000e+01
6.000000000000000000e+01,6.000000000000000000e+01,6.000000000000000000e+01
6.000000000000000000e+01,6.000000000000000000e+01,3.727232310217370781e+01
6.000000000000000000e+01,6.000000000000000000e+01,6.000000000000000000e+01
6.000000000000000000e+01,1.200000000000000000e+01,1.200000000000000000e+01
6.000000000000000000e+01,1.500000000000000000e+01,1.500000000000000000e+01
6.000000000000000000e+01,1.200000000000000000e+01,1.200000000000000000e+01
6.000000000000000000e+00,6.000000000000000000e+00,6.000000000000000000e+00
6.000000000000000000e+01,1.500000000000000000e+01,1.500000000000000000e+01
6.000000000000000000e+01,6.000000000000000000e+00,6.000000000000000000e+00
6.000000000000000000e+01,5.100000000000000000e+01,2.069303596924984845e+01
6.000000000000000000e+01,6.000000000000000000e+00,6.000000000000000000e+00
9.000000000000000000e+00,9.000000000000000000e+00,9.000000000000000000e+00
9.000000000000000000e+00,6.000000000000000000e+00,6.000000000000000000e+00
6.000000000000000000e+01,9.000000000000000000e+00,9.000000000000000000e+00
6.000000000000000000e+01,2.100000000000000000e+01,2.100000000000000000e+01
6.000000000000000000e+01,6.000000000000000000e+01,6.000000000000000000e+01
6.000000000000000000e+01,1.500000000000000000e+01,1.500000000000000000e+01
6.000000000000000000e+01,2.100000000000000000e+01,2.100000000000000000e+01
1.800000000000000000e+01,1.200000000000000000e+01,1.200000000000000000e+01
6.000000000000000000e+01,1.500000000000000000e+01,1.500000000000000000e+01
5.700000000000000000e+01,6.000000000000000000e+01,1.903488282184702030e+01
1.800000000000000000e+01,9.000000000000000000e+00,9.000000000000000000e+00
6.000000000000000000e+01,1.500000000000000000e+01,1.791794175064621020e-01
6.000000000000000000e+01,9.000000000000000000e+00,9.000000000000000000e+00
6.000000000000000000e+01,6.000000000000000000e+01,1.031482895994347615e+01
4.200000000000000000e+01,2.400000000000000000e+01,2.400000000000000000e+01
6.000000000000000000e+01,9.000000000000000000e+00,9.000000000000000000e+00
6.000000000000000000e+01,6.000000000000000000e+01,6.000000000000000000e+01
6.000000000000000000e+01,6.000000000000000000e+01,6.000000000000000000e+01
6.000000000000000000e+01,1.500000000000000000e+01,1.500000000000000000e+01
6.000000000000000000e+01,9.000000000000000000e+00,9.000000000000000000e+00
3.000000000000000000e+01,2.100000000000000000e+01,2.100000000000000000e+01
1.800000000000000000e+01,9.000000000000000000e+00,9.000000000000000000e+00
1.800000000000000000e+01,9.000000000000000000e+00,9.000000000000000000e+00
1.200000000000000000e+01,6.000000000000000000e+00,6.000000000000000000e+00
6.000000000000000000e+01,9.000000000000000000e+00,8.704278941956776094e+00
6.000000000000000000e+01,2.700000000000000000e+01,2.700000000000000000e+01
6.000000000000000000e+01,6.000000000000000000e+01,2.857058889736822760e+00
6.000000000000000000e+01,6.000000000000000000e+01,6.000000000000000000e+01
1.500000000000000000e+01,9.000000000000000000e+00,9.000000000000000000e+00
6.000000000000000000e+01,6.000000000000000000e+01,5.601159349208476357e+01
3.600000000000000000e+01,6.000000000000000000e+01,3.600000000000000000e+01
6.000000000000000000e+01,1.200000000000000000e+01,1.200000000000000000e+01
6.000000000000000000e+01,1.200000000000000000e+01,1.200000000000000000e+01
6.000000000000000000e+01,9.000000000000000000e+00,9.000000000000000000e+00
1.200000000000000000e+01,9.000000000000000000e+00,9.000000000000000000e+00
6.000000000000000000e+00,6.000000000000000000e+00,6.000000000000000000e+00
1.200000000000000000e+01,9.000000000000000000e+00,9.000000000000000000e+00
6.000000000000000000e+00,6.000000000000000000e+00,6.000000000000000000e+00
6.000000000000000000e+01,9.000000000000000000e+00,9.000000000000000000e+00
9.000000000000000000e+00,6.000000000000000000e+00,6.000000000000000000e+00
6.000000000000000000e+01,6.000000000000000000e+01,6.000000000000000000e+01
6.000000000000000000e+01,9.000000000000000000e+00,9.000000000000000000e+00
3.900000000000000000e+01,6.000000000000000000e+01,3.900000000000000000e+01
6.000000000000000000e+01,6.000000000000000000e+00,6.000000000000000000e+00
6.000000000000000000e+01,1.800000000000000000e+01,1.800000000000000000e+01
6.000000000000000000e+01,6.000000000000000000e+01,6.000000000000000000e+01
6.000000000000000000e+01,2.100000000000000000e+01,2.100000000000000000e+01
1.500000000000000000e+01,9.000000000000000000e+00,9.000000000000000000e+00
6.000000000000000000e+01,1.200000000000000000e+01,1.200000000000000000e+01
6.000000000000000000e+01,1.200000000000000000e+01,1.200000000000000000e+01
6.000000000000000000e+01,6.000000000000000000e+01,6.000000000000000000e+01
6.000000000000000000e+01,4.800000000000000000e+01,4.800000000000000000e+01
6.000000000000000000e+01,6.000000000000000000e+01,6.000000000000000000e+01
1.800000000000000000e+01,1.500000000000000000e+01,1.500000000000000000e+01
6.000000000000000000e+01,6.000000000000000000e+01,3.727232310217370781e+01
2.100000000000000000e+01,1.500000000000000000e+01,1.500000000000000000e+01
6.000000000000000000e+01,5.400000000000000000e+01,5.400000000000000000e+01
6.000000000000000000e+01,1.500000000000000000e+01,1.500000000000000000e+01
1.500000000000000000e+01,6.000000000000000000e+00,6.000000000000000000e+00
6.000000000000000000e+01,6.000000000000000000e+00,6.000000000000000000e+00
6.000000000000000000e+01,9.000000000000000000e+00,9.000000000000000000e+00
9.000000000000000000e+00,6.000000000000000000e+01,9.000000000000000000e+00
6.000000000000000000e+01,1.800000000000000000e+01,1.800000000000000000e+01
6.000000000000000000e+01,1.500000000000000000e+01,6.304988310959995346e+00
6.000000000000000000e+01,2.100000000000000000e+01,2.100000000000000000e+01
6.000000000000000000e+01,6.000000000000000000e+01,3.855964321352869462e+01
6.000000000000000000e+01,2.700000000000000000e+01,2.700000000000000000e+01
6.000000000000000000e+01,9.000000000000000000e+00,9.000000000000000000e+00
6.000000000000000000e+01,1.200000000000000000e+01,1.200000000000000000e+01
1.800000000000000000e+01,6.000000000000000000e+01,1.800000000000000000e+01
6.000000000000000000e+01,9.000000000000000000e+00,9.000000000000000000e+00
1.800000000000000000e+01,6.000000000000000000e+01,1.800000000000000000e+01
6.000000000000000000e+01,9.000000000000000000e+00,9.000000000000000000e+00
1.500000000000000000e+01,9.000000000000000000e+00,9.000000000000000000e+00
6.000000000000000000e+01,9.000000000000000000e+00,9.000000000000000000e+00
6.000000000000000000e+01,1.500000000000000000e+01,1.791794175064621020e-01
3.300000000000000000e+01,6.000000000000000000e+01,3.222846426811297249e+01
6.000000000000000000e+01,6.000000000000000000e+00,6.000000000000000000e+00
6.000000000000000000e+01,6.000000000000000000e+00,6.000000000000000000e+00
6.000000000000000000e+01,6.000000000000000000e+01,6.000000000000000000e+01
1.200000000000000000e+01,9.000000000000000000e+00,9.000000000000000000e+00
6.000000000000000000e+01,6.000000000000000000e+01,6.000000000000000000e+01
9.000000000000000000e+00,6.000000000000000000e+00,6.000000000000000000e+00
6.000000000000000000e+01,1.500000000000000000e+01,1.500000000000000000e+01
6.000000000000000000e+01,1.500000000000000000e+01,1.500000000000000000e+01
6.000000000000000000e+01,6.000000000000000000e+00,6.000000000000000000e+00
3.300000000000000000e+01,6.000000000000000000e+01,3.300000000000000000e+01
9.000000000000000000e+00,6.000000000000000000e+00,6.000000000000000000e+00
6.000000000000000000e+01,1.500000000000000000e+01,8.704278941956776094e+00
2.100000000000000000e+01,1.200000000000000000e+01,1.200000000000000000e+01
6.000000000000000000e+01,6.000000000000000000e+01,2.857058889736822760e+00
6.000000000000000000e+01,6.000000000000000000e+01,6.000000000000000000e+01
6.000000000000000000e+00,6.000000000000000000e+00,6.000000000000000000e+00
6.000000000000000000e+01,2.400000000000000000e+01,2.400000000000000000e+01
6.000000000000000000e+01,1.200000000000000000e+01,1.200000000000000000e+01
2.400000000000000000e+01,1.500000000000000000e+01,1.500000000000000000e+01
5.100000000000000000e+01,3.600000000000000000e+01,3.600000000000000000e+01
6.000000000000000000e+01,6.000000000000000000e+00,6.000000000000000000e+00
6.000000000000000000e+01,6.000000000000000000e+00,6.000000000000000000e+00
6.000000000000000000e+01,2.100000000000000000e+01,2.100000000000000000e+01
6.000000000000000000e+01,6.000000000000000000e+00,6.000000000000000000e+00
6.000000000000000000e+01,6.000000000000000000e+00,6.000000000000000000e+00
6.000000000000000000e+01,1.500000000000000000e+01,1.500000000000000000e+01
1.200000000000000000e+01,1.200000000000000000e+01,1.200000000000000000e+01
6.000000000000000000e+01,6.000000000000000000e+00,6.000000000000000000e+00
9.000000000000000000e+00,9.000000000000000000e+00,9.000000000000000000e+00
6.000000000000000000e+01,9.000000000000000000e+00,9.000000000000000000e+00
6.000000000000000000e+01,2.400000000000000000e+01,2.400000000000000000e+01
6.000000000000000000e+01,6.000000000000000000e+01,6.000000000000000000e+01
3.300000000000000000e+01,1.500000000000000000e+01,1.500000000000000000e+01
6.000000000000000000e+01,9.000000000000000000e+00,9.000000000000000000e+00
9.000000000000000000e+00,6.000000000000000000e+00,6.000000000000000000e+00
1.200000000000000000e+01,9.000000000000000000e+00,9.000000000000000000e+00
2.400000000000000000e+01,6.000000000000000000e+01,2.400000000000000000e+01
6.000000000000000000e+01,6.000000000000000000e+00,6.000000000000000000e+00
6.000000000000000000e+01,6.000000000000000000e+00,6.000000000000000000e+00
6.000000000000000000e+01,6.000000000000000000e+01,6.000000000000000000e+01
6.000000000000000000e+01,9.000000000000000000e+00,9.000000000000000000e+00
6.000000000000000000e+01,1.500000000000000000e+01,1.500000000000000000e+01
6.000000000000000000e+01,1.200000000000000000e+01,1.200000000000000000e+01
6.000000000000000000e+01,6.000000000000000000e+01,6.000000000000000000e+01
6.000000000000000000e+01,6.000000000000000000e+01,6.000000000000000000e+01
1.800000000000000000e+01,6.000000000000000000e+01,1.800000000000000000e+01
2.100000000000000000e+01,1.500000000000000000e+01,1.500000000000000000e+01
1.500000000000000000e+01,9.000000000000000000e+00,9.000000000000000000e+00
6.000000000000000000e+00,3.000000000000000000e+00,3.000000000000000000e+00
6.000000000000000000e+01,6.000000000000000000e+01,2.069303596924984845e+01
9.000000000000000000e+00,6.000000000000000000e+01,6.304988310959995346e+00
6.000000000000000000e+01,9.000000000000000000e+00,9.000000000000000000e+00
6.000000000000000000e+01,6.000000000000000000e+01,3.855964321352869462e+01
6.000000000000000000e+01,6.000000000000000000e+00,6.000000000000000000e+00
6.000000000000000000e+01,2.400000000000000000e+01,2.400000000000000000e+01
6.000000000000000000e+01,9.000000000000000000e+00,9.000000000000000000e+00
6.000000000000000000e+01,1.500000000000000000e+01,1.500000000000000000e+01
6.000000000000000000e+01,2.400000000000000000e+01,2.400000000000000000e+01
6.000000000000000000e+01,9.000000000000000000e+00,9.000000000000000000e+00
6.000000000000000000e+01,9.000000000000000000e+00,9.000000000000000000e+00
6.000000000000000000e+01,6.000000000000000000e+00,6.000000000000000000e+00
6.000000000000000000e+01,9.000000000000000000e+00,9.000000000000000000e+00
9.000000000000000000e+00,6.000000000000000000e+00,1.791794175064621020e-01
1.500000000000000000e+01,6.000000000000000000e+01,1.500000000000000000e+01
4.200000000000000000e+01,2.400000000000000000e+01,2.400000000000000000e+01
6.000000000000000000e+01,6.000000000000000000e+01,6.000000000000000000e+01
1.500000000000000000e+01,9.000000000000000000e+00,9.000000000000000000e+00
9.000000000000000000e+00,6.000000000000000000e+00,6.000000000000000000e+00
6.000000000000000000e+01,6.000000000000000000e+01,6.000000000000000000e+01
9.000000000000000000e+00,6.000000000000000000e+00,6.000000000000000000e+00
6.000000000000000000e+01,6.000000000000000000e+01,3.100942328900774214e+01
6.000000000000000000e+01,1.500000000000000000e+01,1.500000000000000000e+01
6.000000000000000000e+01,2.100000000000000000e+01,6.318021833101946649e-01
6.000000000000000000e+01,6.000000000000000000e+01,6.000000000000000000e+01
6.000000000000000000e+01,1.200000000000000000e+01,1.200000000000000000e+01
5.400000000000000000e+01,3.900000000000000000e+01,3.900000000000000000e+01
6.000000000000000000e+01,3.300000000000000000e+01,3.300000000000000000e+01
6.000000000000000000e+01,6.000000000000000000e+01,6.000000000000000000e+01
6.000000000000000000e+01,6.000000000000000000e+01,6.000000000000000000e+01
6.000000000000000000e+01,1.800000000000000000e+01,1.800000000000000000e+01
6.000000000000000000e+01,6.000000000000000000e+01,3.685844909958372284e+01
6.000000000000000000e+01,6.000000000000000000e+01,6.000000000000000000e+01
6.000000000000000000e+01,9.000000000000000000e+00,9.000000000000000000e+00
6.000000000000000000e+01,5.400000000000000000e+01,5.400000000000000000e+01
9.000000000000000000e+00,9.000000000000000000e+00,9.000000000000000000e+00
1.800000000000000000e+01,1.200000000000000000e+01,1.200000000000000000e+01
6.000000000000000000e+00,6.000000000000000000e+00,6.000000000000000000e+00
9.000000000000000000e+00,6.000000000000000000e+00,6.000000000000000000e+00
6.000000000000000000e+01,1.200000000000000000e+01,1.200000000000000000e+01
6.000000000000000000e+01,6.000000000000000000e+01,6.000000000000000000e+01
6.000000000000000000e+01,9.000000000000000000e+00,9.000000000000000000e+00
6.000000000000000000e+01,9.000000000000000000e+00,9.000000000000000000e+00
9.000000000000000000e+00,6.000000000000000000e+00,6.000000000000000000e+00
6.000000000000000000e+01,6.000000000000000000e+01,5.611558068649161157e+01
6.000000000000000000e+01,6.000000000000000000e+00,6.000000000000000000e+00
6.000000000000000000e+01,6.000000000000000000e+01,6.000000000000000000e+01
6.000000000000000000e+01,6.000000000000000000e+01,6.000000000000000000e+01
6.000000000000000000e+01,6.000000000000000000e+00,6.000000000000000000e+00
2.400000000000000000e+01,6.000000000000000000e+01,2.400000000000000000e+01
6.000000000000000000e+01,9.000000000000000000e+00,9.000000000000000000e+00
6.000000000000000000e+01,9.000000000000000000e+00,9.000000000000000000e+00
6.000000000000000000e+01,9.000000000000000000e+00,9.000000000000000000e+00
6.000000000000000000e+00,6.000000000000000000e+00,3.682134995050577508e+00
1.500000000000000000e+01,9.000000000000000000e+00,9.000000000000000000e+00
6.000000000000000000e+00,6.000000000000000000e+00,6.000000000000000000e+00
3.900000000000000000e+01,2.100000000000000000e+01,2.100000000000000000e+01
6.000000000000000000e+01,2.400000000000000000e+01,2.400000000000000000e+01
9.000000000000000000e+00,6.000000000000000000e+00,6.000000000000000000e+00
1.800000000000000000e+01,9.000000000000000000e+00,9.000000000000000000e+00
6.000000000000000000e+01,6.000000000000000000e+00,6.000000000000000000e+00
6.000000000000000000e+01,2.400000000000000000e+01,1.318992632021841338e+01
6.000000000000000000e+01,1.500000000000000000e+01,4.525464220503749857e+00
6.000000000000000000e+01,6.000000000000000000e+01,3.959521769157402105e+01
6.000000000000000000e+01,6.000000000000000000e+00,6.000000000000000000e+00
1.800000000000000000e+01,1.200000000000000000e+01,1.760523616622322873e-01
6.000000000000000000e+01,6.000000000000000000e+00,6.000000000000000000e+00
6.000000000000000000e+01,1.200000000000000000e+01,1.200000000000000000e+01
6.000000000000000000e+01,6.000000000000000000e+00,6.000000000000000000e+00
6.000000000000000000e+01,6.000000000000000000e+01,6.000000000000000000e+01
1.500000000000000000e+01,1.200000000000000000e+01,1.200000000000000000e+01
6.000000000000000000e+01,6.000000000000000000e+01,6.000000000000000000e+01
6.000000000000000000e+01,6.000000000000000000e+01,1.323454887483709008e+01
1.500000000000000000e+01,9.000000000000000000e+00,9.000000000000000000e+00
6.000000000000000000e+01,6.000000000000000000e+00,6.000000000000000000e+00
6.000000000000000000e+01,1.500000000000000000e+01,1.500000000000000000e+01
3.300000000000000000e+01,6.000000000000000000e+01,3.300000000000000000e+01
1.200000000000000000e+01,6.000000000000000000e+00,6.000000000000000000e+00
6.000000000000000000e+01,9.000000000000000000e+00,9.000000000000000000e+00
3.600000000000000000e+01,2.700000000000000000e+01,2.600716635148458167e+01
6.000000000000000000e+01,1.200000000000000000e+01,1.200000000000000000e+01
6.000000000000000000e+01,6.000000000000000000e+00,6.000000000000000000e+00
6.000000000000000000e+01,6.000000000000000000e+01,3.069450783360397494e+01
6.000000000000000000e+01,3.900000000000000000e+01,3.900000000000000000e+01
1.500000000000000000e+01,6.000000000000000000e+00,6.000000000000000000e+00
3.300000000000000000e+01,1.800000000000000000e+01,1.800000000000000000e+01
6.000000000000000000e+01,6.000000000000000000e+01,6.000000000000000000e+01
6.000000000000000000e+01,1.500000000000000000e+01,6.318021833101946649e-01
6.000000000000000000e+01,3.000000000000000000e+00,3.000000000000000000e+00
6.000000000000000000e+01,9.000000000000000000e+00,9.000000000000000000e+00
9.000000000000000000e+00,6.000000000000000000e+00,6.000000000000000000e+00
6.000000000000000000e+01,1.200000000000000000e+01,1.200000000000000000e+01
6.000000000000000000e+01,6.000000000000000000e+00,6.000000000000000000e+00
9.000000000000000000e+00,6.000000000000000000e+00,6.000000000000000000e+00
6.000000000000000000e+01,6.000000000000000000e+01,6.000000000000000000e+01
6.000000000000000000e+01,6.000000000000000000e+00,6.000000000000000000e+00
6.000000000000000000e+01,6.000000000000000000e+01,6.000000000000000000e+01
6.000000000000000000e+01,1.200000000000000000e+01,1.200000000000000000e+01
6.000000000000000000e+01,6.000000000000000000e+00,6.000000000000000000e+00
1.500000000000000000e+01,6.000000000000000000e+00,6.000000000000000000e+00
6.000000000000000000e+00,9.000000000000000000e+00,6.000000000000000000e+00
6.000000000000000000e+01,6.000000000000000000e+01,5.154114144389144059e+01
1.200000000000000000e+01,6.000000000000000000e+00,6.000000000000000000e+00
6.000000000000000000e+01,6.000000000000000000e+01,1.772172559672823766e+01
6.000000000000000000e+01,6.000000000000000000e+01,6.000000000000000000e+01
6.000000000000000000e+01,1.200000000000000000e+01,1.200000000000000000e+01
6.000000000000000000e+01,6.000000000000000000e+01,6.000000000000000000e+01
9.000000000000000000e+00,6.000000000000000000e+00,6.000000000000000000e+00
6.000000000000000000e+01,6.000000000000000000e+01,5.611558068649161157e+01
6.000000000000000000e+01,6.000000000000000000e+01,6.000000000000000000e+01
6.000000000000000000e+01,6.000000000000000000e+00,6.000000000000000000e+00
1.500000000000000000e+01,9.000000000000000000e+00,9.000000000000000000e+00
1.500000000000000000e+01,1.200000000000000000e+01,1.200000000000000000e+01
6.000000000000000000e+01,1.200000000000000000e+01,1.200000000000000000e+01
6.000000000000000000e+01,3.600000000000000000e+01,3.600000000000000000e+01
3.000000000000000000e+01,1.800000000000000000e+01,1.800000000000000000e+01
6.000000000000000000e+01,2.400000000000000000e+01,2.400000000000000000e+01
2.400000000000000000e+01,1.500000000000000000e+01,3.682134995050577508e+00
6.000000000000000000e+01,9.000000000000000000e+00,9.000000000000000000e+00
6.000000000000000000e+01,9.000000000000000000e+00,9.000000000000000000e+00
6.000000000000000000e+01,1.200000000000000000e+01,1.200000000000000000e+01
6.000000000000000000e+01,6.000000000000000000e+01,6.000000000000000000e+01
6.000000000000000000e+01,6.000000000000000000e+00,6.000000000000000000e+00
3.000000000000000000e+01,1.800000000000000000e+01,1.800000000000000000e+01
6.000000000000000000e+01,1.500000000000000000e+01,1.500000000000000000e+01
2.100000000000000000e+01,1.500000000000000000e+01,1.318992632021841338e+01
9.000000000000000000e+00,6.000000000000000000e+00,4.525464220503749857e+00
6.000000000000000000e+01,6.000000000000000000e+01,3.959521769157402105e+01
6.000000000000000000e+01,1.800000000000000000e+01,1.800000000000000000e+01
9.000000000000000000e+00,6.000000000000000000e+00,1.760523616622322873e-01
6.000000000000000000e+01,6.000000000000000000e+01,6.000000000000000000e+01
6.000000000000000000e+01,2.100000000000000000e+01,2.100000000000000000e+01
6.000000000000000000e+01,6.000000000000000000e+01,6.000000000000000000e+01
6.000000000000000000e+01,6.000000000000000000e+01,6.000000000000000000e+01
9.000000000000000000e+00,6.000000000000000000e+00,6.000000000000000000e+00
6.000000000000000000e+01,9.000000000000000000e+00,9.000000000000000000e+00
1.200000000000000000e+01,9.000000000000000000e+00,9.000000000000000000e+00
1.500000000000000000e+01,9.000000000000000000e+00,9.000000000000000000e+00
6.000000000000000000e+01,6.000000000000000000e+01,1.634404607939338661e+01
2.700000000000000000e+01,6.000000000000000000e+01,2.700000000000000000e+01
6.000000000000000000e+01,6.000000000000000000e+00,6.000000000000000000e+00
1.200000000000000000e+01,9.000000000000000000e+00,9.000000000000000000e+00
5.700000000000000000e+01,3.600000000000000000e+01,3.600000000000000000e+01
6.000000000000000000e+01,9.000000000000000000e+00,9.000000000000000000e+00
3.300000000000000000e+01,6.000000000000000000e+01,3.300000000000000000e+01
3.900000000000000000e+01,2.700000000000000000e+01,2.700000000000000000e+01
6.000000000000000000e+01,6.000000000000000000e+01,3.069450783360397494e+01
9.000000000000000000e+00,6.000000000000000000e+00,6.000000000000000000e+00
6.000000000000000000e+01,6.000000000000000000e+01,6.000000000000000000e+01
6.000000000000000000e+01,2.100000000000000000e+01,2.100000000000000000e+01
3.300000000000000000e+01,6.000000000000000000e+01,3.300000000000000000e+01
6.000000000000000000e+01,6.000000000000000000e+00,6.318021833101946649e-01
6.000000000000000000e+01,9.000000000000000000e+00,9.000000000000000000e+00
6.000000000000000000e+01,6.000000000000000000e+00,6.000000000000000000e+00
6.000000000000000000e+01,6.000000000000000000e+01,6.000000000000000000e+01
9.000000000000000000e+00,6.000000000000000000e+00,6.000000000000000000e+00
6.000000000000000000e+01,6.000000000000000000e+01,6.000000000000000000e+01
6.000000000000000000e+01,1.500000000000000000e+01,1.500000000000000000e+01
6.000000000000000000e+01,6.000000000000000000e+01,6.000000000000000000e+01
6.000000000000000000e+01,6.000000000000000000e+00,6.000000000000000000e+00
2.400000000000000000e+01,1.200000000000000000e+01,1.200000000000000000e+01
6.000000000000000000e+01,9.000000000000000000e+00,9.000000000000000000e+00
9.000000000000000000e+00,6.000000000000000000e+00,6.000000000000000000e+00
1.200000000000000000e+01,6.000000000000000000e+00,6.000000000000000000e+00
6.000000000000000000e+01,9.000000000000000000e+00,9.000000000000000000e+00
6.000000000000000000e+01,1.500000000000000000e+01,1.500000000000000000e+01
6.000000000000000000e+01,6.000000000000000000e+01,6.000000000000000000e+01
6.000000000000000000e+01,3.600000000000000000e+01,1.772172559672823766e+01
6.000000000000000000e+01,1.200000000000000000e+01,1.200000000000000000e+01
9.000000000000000000e+00,6.000000000000000000e+00,6.000000000000000000e+00
6.000000000000000000e+01,6.000000000000000000e+01,6.000000000000000000e+01
6.000000000000000000e+01,6.000000000000000000e+00,6.000000000000000000e+00
6.000000000000000000e+01,5.100000000000000000e+01,5.100000000000000000e+01
6.000000000000000000e+01,6.000000000000000000e+01,6.000000000000000000e+01
6.000000000000000000e+01,5.700000000000000000e+01,5.700000000000000000e+01
6.000000000000000000e+01,6.000000000000000000e+00,6.000000000000000000e+00
6.000000000000000000e+01,6.000000000000000000e+01,6.000000000000000000e+01
1.500000000000000000e+01,9.000000000000000000e+00,9.000000000000000000e+00
6.000000000000000000e+01,6.000000000000000000e+00,6.000000000000000000e+00
6.000000000000000000e+01,6.000000000000000000e+01,6.000000000000000000e+01
6.000000000000000000e+01,3.000000000000000000e+01,3.000000000000000000e+01
6.000000000000000000e+01,6.000000000000000000e+01,3.682134995050577508e+00
6.000000000000000000e+01,6.000000000000000000e+00,6.000000000000000000e+00
9.000000000000000000e+00,6.000000000000000000e+00,6.000000000000000000e+00
6.000000000000000000e+01,6.000000000000000000e+01,6.000000000000000000e+01
9.000000000000000000e+00,6.000000000000000000e+01,9.000000000000000000e+00
9.000000000000000000e+00,6.000000000000000000e+00,6.000000000000000000e+00
2.400000000000000000e+01,1.800000000000000000e+01,1.800000000000000000e+01
2.700000000000000000e+01,1.500000000000000000e+01,1.500000000000000000e+01
6.000000000000000000e+01,6.000000000000000000e+01,1.318992632021841338e+01
2.100000000000000000e+01,1.200000000000000000e+01,4.525464220503749857e+00
6.000000000000000000e+01,6.000000000000000000e+00,6.000000000000000000e+00
6.000000000000000000e+01,6.000000000000000000e+01,2.747339301081095542e+01
6.000000000000000000e+01,6.000000000000000000e+00,1.760523616622322873e-01
6.000000000000000000e+01,6.000000000000000000e+00,6.000000000000000000e+00
6.000000000000000000e+01,9.000000000000000000e+00,9.000000000000000000e+00
6.000000000000000000e+01,6.000000000000000000e+01,6.000000000000000000e+01
9.000000000000000000e+00,6.000000000000000000e+00,6.000000000000000000e+00
1.200000000000000000e+01,1.200000000000000000e+01,1.200000000000000000e+01
6.000000000000000000e+01,6.000000000000000000e+01,6.000000000000000000e+01
6.000000000000000000e+01,6.000000000000000000e+01,1.323454887483709008e+01
6.000000000000000000e+01,6.000000000000000000e+01,6.000000000000000000e+01
6.000000000000000000e+01,6.000000000000000000e+01,1.634404607939338661e+01
1.200000000000000000e+01,6.000000000000000000e+00,6.000000000000000000e+00
6.000000000000000000e+01,6.000000000000000000e+00,6.000000000000000000e+00
6.000000000000000000e+01,6.000000000000000000e+01,3.139402259220424796e+01
6.000000000000000000e+00,6.000000000000000000e+00,6.000000000000000000e+00
6.000000000000000000e+01,9.000000000000000000e+00,9.000000000000000000e+00
1.200000000000000000e+01,9.000000000000000000e+00,9.000000000000000000e+00
6.000000000000000000e+01,6.000000000000000000e+01,6.000000000000000000e+01
6.000000000000000000e+01,6.000000000000000000e+01,3.069450783360397494e+01
6.000000000000000000e+01,6.000000000000000000e+01,6.000000000000000000e+01
6.000000000000000000e+01,1.200000000000000000e+01,1.200000000000000000e+01
6.000000000000000000e+01,1.200000000000000000e+01,1.200000000000000000e+01
6.000000000000000000e+01,9.000000000000000000e+00,9.000000000000000000e+00
6.000000000000000000e+01,3.600000000000000000e+01,6.318021833101946649e-01
6.000000000000000000e+01,6.000000000000000000e+01,6.000000000000000000e+01
6.000000000000000000e+01,6.000000000000000000e+01,6.000000000000000000e+01
6.000000000000000000e+01,9.000000000000000000e+00,9.000000000000000000e+00
6.000000000000000000e+01,1.200000000000000000e+01,1.200000000000000000e+01
1.500000000000000000e+01,9.000000000000000000e+00,9.000000000000000000e+00
6.000000000000000000e+01,9.000000000000000000e+00,9.000000000000000000e+00
6.000000000000000000e+01,6.000000000000000000e+00,6.000000000000000000e+00
6.000000000000000000e+01,5.700000000000000000e+01,3.685844909958372284e+01
6.000000000000000000e+01,1.800000000000000000e+01,1.800000000000000000e+01
6.000000000000000000e+00,6.000000000000000000e+00,6.000000000000000000e+00
6.000000000000000000e+00,6.000000000000000000e+00,6.000000000000000000e+00
1.800000000000000000e+01,1.500000000000000000e+01,1.500000000000000000e+01
6.000000000000000000e+01,9.000000000000000000e+00,9.000000000000000000e+00
6.000000000000000000e+01,9.000000000000000000e+00,9.000000000000000000e+00
1.500000000000000000e+01,9.000000000000000000e+00,9.000000000000000000e+00
6.000000000000000000e+01,6.000000000000000000e+01,1.772172559672823766e+01
1.200000000000000000e+01,9.000000000000000000e+00,9.000000000000000000e+00
6.000000000000000000e+01,2.100000000000000000e+01,2.100000000000000000e+01
6.000000000000000000e+01,6.000000000000000000e+01,6.000000000000000000e+01
6.000000000000000000e+01,6.000000000000000000e+01,6.000000000000000000e+01
6.000000000000000000e+01,9.000000000000000000e+00,9.000000000000000000e+00
6.000000000000000000e+01,6.000000000000000000e+01,6.000000000000000000e+01
6.000000000000000000e+01,5.100000000000000000e+01,5.100000000000000000e+01
6.000000000000000000e+00,6.000000000000000000e+00,6.000000000000000000e+00
1.200000000000000000e+01,9.000000000000000000e+00,9.000000000000000000e+00
1.500000000000000000e+01,9.000000000000000000e+00,9.000000000000000000e+00
9.000000000000000000e+00,6.000000000000000000e+00,6.000000000000000000e+00
9.000000000000000000e+00,6.000000000000000000e+00,6.000000000000000000e+00
6.000000000000000000e+01,6.000000000000000000e+01,6.000000000000000000e+01
6.000000000000000000e+01,6.000000000000000000e+00,3.682134995050577508e+00
6.000000000000000000e+01,4.800000000000000000e+01,4.800000000000000000e+01
6.000000000000000000e+01,6.000000000000000000e+00,6.000000000000000000e+00
6.000000000000000000e+01,1.500000000000000000e+01,1.500000000000000000e+01
6.000000000000000000e+01,6.000000000000000000e+01,6.000000000000000000e+01
6.000000000000000000e+01,9.000000000000000000e+00,9.000000000000000000e+00
6.000000000000000000e+01,9.000000000000000000e+00,9.000000000000000000e+00
2.700000000000000000e+01,1.800000000000000000e+01,1.800000000000000000e+01
1.200000000000000000e+01,6.000000000000000000e+00,6.000000000000000000e+00
6.000000000000000000e+01,9.000000000000000000e+00,4.525464220503749857e+00
6.000000000000000000e+00,6.000000000000000000e+00,6.000000000000000000e+00
6.000000000000000000e+01,9.000000000000000000e+00,9.000000000000000000e+00
1.200000000000000000e+01,9.000000000000000000e+00,1.760523616622322873e-01
1.800000000000000000e+01,1.200000000000000000e+01,1.200000000000000000e+01
2.400000000000000000e+01,1.500000000000000000e+01,1.500000000000000000e+01
6.000000000000000000e+01,1.800000000000000000e+01,1.800000000000000000e+01
6.000000000000000000e+00,6.000000000000000000e+00,6.000000000000000000e+00
9.000000000000000000e+00,6.000000000000000000e+00,6.000000000000000000e+00
6.000000000000000000e+01,9.000000000000000000e+00,9.000000000000000000e+00
6.000000000000000000e+01,1.200000000000000000e+01,1.200000000000000000e+01
6.000000000000000000e+01,6.000000000000000000e+01,6.000000000000000000e+01
1.200000000000000000e+01,1.200000000000000000e+01,1.200000000000000000e+01
6.000000000000000000e+01,2.400000000000000000e+01,2.400000000000000000e+01
6.000000000000000000e+01,6.000000000000000000e+01,6.000000000000000000e+01
6.000000000000000000e+01,9.000000000000000000e+00,9.000000000000000000e+00
6.000000000000000000e+01,6.000000000000000000e+01,6.000000000000000000e+01
5.700000000000000000e+01,2.700000000000000000e+01,2.700000000000000000e+01
6.000000000000000000e+01,2.400000000000000000e+01,2.400000000000000000e+01
9.000000000000000000e+00,6.000000000000000000e+00,6.000000000000000000e+00
6.000000000000000000e+01,6.000000000000000000e+01,6.000000000000000000e+01
6.000000000000000000e+00,9.000000000000000000e+00,6.000000000000000000e+00
6.000000000000000000e+01,2.400000000000000000e+01,2.400000000000000000e+01
9.000000000000000000e+00,6.000000000000000000e+00,6.000000000000000000e+00
2.400000000000000000e+01,1.500000000000000000e+01,1.500000000000000000e+01
6.000000000000000000e+01,9.000000000000000000e+00,9.000000000000000000e+00
6.000000000000000000e+01,1.200000000000000000e+01,1.200000000000000000e+01
6.000000000000000000e+01,3.300000000000000000e+01,3.300000000000000000e+01
4.200000000000000000e+01,6.000000000000000000e+01,4.200000000000000000e+01
6.000000000000000000e+01,2.100000000000000000e+01,2.100000000000000000e+01
6.000000000000000000e+00,6.000000000000000000e+00,5.756666666666665932e+00
1.500000000000000000e+01,9.000000000000000000e+00,9.000000000000000000e+00
1.200000000000000000e+01,9.000000000000000000e+00,7.141238138704506966e+00
6.000000000000000000e+01,6.000000000000000000e+01,6.000000000000000000e+01
4.500000000000000000e+01,6.000000000000000000e+01,1.606977596796137675e+01
6.000000000000000000e+01,6.000000000000000000e+01,2.712368847917582215e+01
6.000000000000000000e+01,6.000000000000000000e+01,5.173651445385965530e+01
6.000000000000000000e+01,2.100000000000000000e+01,2.100000000000000000e+01
3.900000000000000000e+01,2.100000000000000000e+01,2.100000000000000000e+01
5.400000000000000000e+01,3.000000000000000000e+01,3.000000000000000000e+01
6.000000000000000000e+01,6.000000000000000000e+01,3.579921335809915206e+01
6.000000000000000000e+01,3.600000000000000000e+01,1.374655708697398993e+01
9.000000000000000000e+00,6.000000000000000000e+00,6.000000000000000000e+00
6.000000000000000000e+01,6.000000000000000000e+00,6.000000000000000000e+00
6.000000000000000000e+01,9.000000000000000000e+00,9.009313313942145518e-01
6.000000000000000000e+01,1.500000000000000000e+01,1.500000000000000000e+01
6.000000000000000000e+01,1.200000000000000000e+01,1.200000000000000000e+01
6.000000000000000000e+01,1.200000000000000000e+01,1.200000000000000000e+01
6.000000000000000000e+01,4.200000000000000000e+01,8.219346448739074162e+00
6.000000000000000000e+01,6.000000000000000000e+01,6.000000000000000000e+01
6.000000000000000000e+01,5.100000000000000000e+01,5.100000000000000000e+01
1.200000000000000000e+01,6.000000000000000000e+00,6.000000000000000000e+00
1.500000000000000000e+01,9.000000000000000000e+00,9.000000000000000000e+00
6.000000000000000000e+01,9.000000000000000000e+00,9.000000000000000000e+00
1.800000000000000000e+01,1.500000000000000000e+01,1.500000000000000000e+01
9.000000000000000000e+00,9.000000000000000000e+00,9.000000000000000000e+00
1.800000000000000000e+01,1.200000000000000000e+01,1.200000000000000000e+01
6.000000000000000000e+01,9.000000000000000000e+00,9.000000000000000000e+00
2.700000000000000000e+01,1.800000000000000000e+01,1.800000000000000000e+01
9.000000000000000000e+00,6.000000000000000000e+00,6.000000000000000000e+00
6.000000000000000000e+01,6.000000000000000000e+00,6.000000000000000000e+00
6.000000000000000000e+00,6.000000000000000000e+00,6.000000000000000000e+00
6.000000000000000000e+01,6.000000000000000000e+01,6.000000000000000000e+01
9.000000000000000000e+00,6.000000000000000000e+00,6.000000000000000000e+00
6.000000000000000000e+01,6.000000000000000000e+01,6.000000000000000000e+01
6.000000000000000000e+01,4.800000000000000000e+01,4.800000000000000000e+01
6.000000000000000000e+01,9.000000000000000000e+00,9.000000000000000000e+00
3.000000000000000000e+01,2.100000000000000000e+01,2.100000000000000000e+01
6.000000000000000000e+01,4.500000000000000000e+01,4.500000000000000000e+01
1.200000000000000000e+01,9.000000000000000000e+00,9.000000000000000000e+00
6.000000000000000000e+01,6.000000000000000000e+01,1.532051659167538915e+01
5.100000000000000000e+01,6.000000000000000000e+01,2.672650311224055386e+01
6.000000000000000000e+01,3.000000000000000000e+01,1.348163874789891636e+01
2.100000000000000000e+01,1.200000000000000000e+01,1.200000000000000000e+01
6.000000000000000000e+01,1.200000000000000000e+01,1.200000000000000000e+01
6.000000000000000000e+01,3.000000000000000000e+00,3.000000000000000000e+00
9.000000000000000000e+00,6.000000000000000000e+00,6.000000000000000000e+00
6.000000000000000000e+01,6.000000000000000000e+00,6.000000000000000000e+00
9.000000000000000000e+00,6.000000000000000000e+00,6.000000000000000000e+00
9.000000000000000000e+00,9.000000000000000000e+00,9.000000000000000000e+00
1.800000000000000000e+01,9.000000000000000000e+00,9.000000000000000000e+00
6.000000000000000000e+01,6.000000000000000000e+01,4.784364142644690077e+01
1.200000000000000000e+01,6.000000000000000000e+01,1.200000000000000000e+01
6.000000000000000000e+01,6.000000000000000000e+00,6.000000000000000000e+00
6.000000000000000000e+01,9.000000000000000000e+00,9.000000000000000000e+00
6.000000000000000000e+01,6.000000000000000000e+01,2.891216906130424036e+01
1.200000000000000000e+01,9.000000000000000000e+00,9.000000000000000000e+00
6.000000000000000000e+01,6.000000000000000000e+01,6.000000000000000000e+01
6.000000000000000000e+01,1.800000000000000000e+01,1.800000000000000000e+01
6.000000000000000000e+01,9.000000000000000000e+00,9.000000000000000000e+00
1.800000000000000000e+01,9.000000000000000000e+00,9.000000000000000000e+00
6.000000000000000000e+01,9.000000000000000000e+00,9.000000000000000000e+00
6.000000000000000000e+01,6.000000000000000000e+00,6.000000000000000000e+00
6.000000000000000000e+01,9.000000000000000000e+00,9.000000000000000000e+00
9.000000000000000000e+00,6.000000000000000000e+00,6.000000000000000000e+00
6.000000000000000000e+01,2.100000000000000000e+01,2.100000000000000000e+01
6.000000000000000000e+01,6.000000000000000000e+01,7.141238138704506966e+00
2.100000000000000000e+01,1.200000000000000000e+01,1.200000000000000000e+01
6.000000000000000000e+01,6.000000000000000000e+01,1.606977596796137675e+01
6.000000000000000000e+01,1.500000000000000000e+01,1.500000000000000000e+01
6.000000000000000000e+01,1.200000000000000000e+01,1.200000000000000000e+01
6.000000000000000000e+01,1.500000000000000000e+01,1.500000000000000000e+01
6.000000000000000000e+01,6.000000000000000000e+01,6.000000000000000000e+01
6.000000000000000000e+01,1.500000000000000000e+01,1.500000000000000000e+01
1.800000000000000000e+01,1.200000000000000000e+01,1.200000000000000000e+01
6.000000000000000000e+01,9.000000000000000000e+00,9.000000000000000000e+00
6.000000000000000000e+01,1.800000000000000000e+01,1.800000000000000000e+01
6.000000000000000000e+01,6.000000000000000000e+00,6.000000000000000000e+00
1.200000000000000000e+01,9.000000000000000000e+00,9.009313313942145518e-01
6.000000000000000000e+01,6.000000000000000000e+00,6.000000000000000000e+00
6.000000000000000000e+01,5.400000000000000000e+01,5.400000000000000000e+01
6.000000000000000000e+01,6.000000000000000000e+01,6.000000000000000000e+01
6.000000000000000000e+01,2.100000000000000000e+01,8.219346448739074162e+00
6.000000000000000000e+01,6.000000000000000000e+01,6.000000000000000000e+01
6.000000000000000000e+01,6.000000000000000000e+01,6.000000000000000000e+01
6.000000000000000000e+01,6.000000000000000000e+00,6.000000000000000000e+00
6.000000000000000000e+01,1.200000000000000000e+01,1.200000000000000000e+01
6.000000000000000000e+01,9.000000000000000000e+00,9.000000000000000000e+00
1.500000000000000000e+01,9.000000000000000000e+00,9.000000000000000000e+00
6.000000000000000000e+01,9.000000000000000000e+00,9.000000000000000000e+00
6.000000000000000000e+01,2.700000000000000000e+01,2.700000000000000000e+01
9.000000000000000000e+00,9.000000000000000000e+00,9.000000000000000000e+00
9.000000000000000000e+00,6.000000000000000000e+01,9.000000000000000000e+00
2.400000000000000000e+01,6.000000000000000000e+01,2.400000000000000000e+01
6.000000000000000000e+01,2.400000000000000000e+01,2.400000000000000000e+01
6.000000000000000000e+01,1.200000000000000000e+01,1.200000000000000000e+01
6.000000000000000000e+01,6.000000000000000000e+01,6.000000000000000000e+01
1.200000000000000000e+01,9.000000000000000000e+00,9.000000000000000000e+00
6.000000000000000000e+01,9.000000000000000000e+00,9.000000000000000000e+00
1.200000000000000000e+01,9.000000000000000000e+00,9.000000000000000000e+00
6.000000000000000000e+01,1.500000000000000000e+01,1.500000000000000000e+01
6.000000000000000000e+01,1.800000000000000000e+01,1.800000000000000000e+01
1.800000000000000000e+01,6.000000000000000000e+01,1.800000000000000000e+01
6.000000000000000000e+01,6.000000000000000000e+00,6.000000000000000000e+00
6.000000000000000000e+01,1.200000000000000000e+01,1.200000000000000000e+01
1.200000000000000000e+01,9.000000000000000000e+00,9.000000000000000000e+00
6.000000000000000000e+01,9.000000000000000000e+00,9.000000000000000000e+00
6.000000000000000000e+01,6.000000000000000000e+00,6.000000000000000000e+00
6.000000000000000000e+01,1.800000000000000000e+01,1.800000000000000000e+01
1.200000000000000000e+01,1.200000000000000000e+01,1.200000000000000000e+01
9.000000000000000000e+00,6.000000000000000000e+00,6.000000000000000000e+00
6.000000000000000000e+01,1.800000000000000000e+01,1.800000000000000000e+01
6.000000000000000000e+01,1.200000000000000000e+01,1.200000000000000000e+01
6.000000000000000000e+01,6.000000000000000000e+00,6.000000000000000000e+00
6.000000000000000000e+01,1.500000000000000000e+01,1.023594389684177663e+01
6.000000000000000000e+01,1.800000000000000000e+01,1.800000000000000000e+01
6.000000000000000000e+01,1.200000000000000000e+01,1.200000000000000000e+01
9.000000000000000000e+00,6.000000000000000000e+00,6.000000000000000000e+00
6.000000000000000000e+01,9.000000000000000000e+00,9.000000000000000000e+00
6.000000000000000000e+01,6.000000000000000000e+01,2.891216906130424036e+01
6.000000000000000000e+01,9.000000000000000000e+00,9.000000000000000000e+00
1.800000000000000000e+01,1.200000000000000000e+01,1.200000000000000000e+01
6.000000000000000000e+01,2.100000000000000000e+01,2.057731390247912984e+01
6.000000000000000000e+00,3.000000000000000000e+00,3.000000000000000000e+00
6.000000000000000000e+01,9.000000000000000000e+00,9.000000000000000000e+00
6.000000000000000000e+01,3.000000000000000000e+01,3.000000000000000000e+01
6.000000000000000000e+01,6.000000000000000000e+00,6.000000000000000000e+00
9.000000000000000000e+00,6.000000000000000000e+00,6.000000000000000000e+00
1.200000000000000000e+01,6.000000000000000000e+00,6.000000000000000000e+00
6.000000000000000000e+01,9.000000000000000000e+00,9.000000000000000000e+00
6.000000000000000000e+01,9.000000000000000000e+00,7.141238138704506966e+00
6.000000000000000000e+01,6.000000000000000000e+00,6.000000000000000000e+00
6.000000000000000000e+01,6.000000000000000000e+01,1.606977596796137675e+01
9.000000000000000000e+00,6.000000000000000000e+00,6.000000000000000000e+00
9.000000000000000000e+00,6.000000000000000000e+00,6.000000000000000000e+00
6.000000000000000000e+01,6.000000000000000000e+01,6.000000000000000000e+01
9.000000000000000000e+00,6.000000000000000000e+00,6.000000000000000000e+00
6.000000000000000000e+01,5.400000000000000000e+01,5.400000000000000000e+01
1.200000000000000000e+01,9.000000000000000000e+00,9.000000000000000000e+00
6.000000000000000000e+01,9.000000000000000000e+00,9.000000000000000000e+00
1.800000000000000000e+01,1.500000000000000000e+01,1.500000000000000000e+01
6.000000000000000000e+01,2.400000000000000000e+01,2.400000000000000000e+01
1.800000000000000000e+01,6.000000000000000000e+01,9.009313313942145518e-01
6.000000000000000000e+01,6.000000000000000000e+01,6.000000000000000000e+01
2.400000000000000000e+01,1.800000000000000000e+01,1.800000000000000000e+01
6.000000000000000000e+01,6.000000000000000000e+01,6.000000000000000000e+01
6.000000000000000000e+01,6.000000000000000000e+01,8.219346448739074162e+00
9.000000000000000000e+00,9.000000000000000000e+00,9.000000000000000000e+00
9.000000000000000000e+00,6.000000000000000000e+00,6.000000000000000000e+00
2.400000000000000000e+01,1.800000000000000000e+01,1.800000000000000000e+01
6.000000000000000000e+00,6.000000000000000000e+00,6.000000000000000000e+00
6.000000000000000000e+01,6.000000000000000000e+01,3.522695503611257806e+01
2.100000000000000000e+01,1.500000000000000000e+01,1.500000000000000000e+01
6.000000000000000000e+01,3.000000000000000000e+01,3.000000000000000000e+01
2.100000000000000000e+01,1.200000000000000000e+01,1.200000000000000000e+01
6.000000000000000000e+01,1.800000000000000000e+01,1.800000000000000000e+01
1.500000000000000000e+01,9.000000000000000000e+00,9.000000000000000000e+00
9.000000000000000000e+00,9.000000000000000000e+00,9.000000000000000000e+00
1.200000000000000000e+01,9.000000000000000000e+00,9.000000000000000000e+00
6.000000000000000000e+01,9.000000000000000000e+00,9.000000000000000000e+00
6.000000000000000000e+01,6.000000000000000000e+00,6.000000000000000000e+00
6.000000000000000000e+01,6.000000000000000000e+01,6.000000000000000000e+01
6.000000000000000000e+01,6.000000000000000000e+01,6.000000000000000000e+01
6.000000000000000000e+01,6.000000000000000000e+01,6.000000000000000000e+01
6.000000000000000000e+01,6.000000000000000000e+00,6.000000000000000000e+00
6.000000000000000000e+01,2.400000000000000000e+01,2.400000000000000000e+01
6.000000000000000000e+01,6.000000000000000000e+01,6.000000000000000000e+01
4.200000000000000000e+01,3.000000000000000000e+01,3.000000000000000000e+01
6.000000000000000000e+01,9.000000000000000000e+00,9.000000000000000000e+00
6.000000000000000000e+01,1.800000000000000000e+01,1.800000000000000000e+01
6.000000000000000000e+01,9.000000000000000000e+00,9.000000000000000000e+00
9.000000000000000000e+00,9.000000000000000000e+00,9.000000000000000000e+00
6.000000000000000000e+01,9.000000000000000000e+00,9.000000000000000000e+00
6.000000000000000000e+01,9.000000000000000000e+00,9.000000000000000000e+00
6.000000000000000000e+01,5.700000000000000000e+01,5.700000000000000000e+01
6.000000000000000000e+01,9.000000000000000000e+00,9.000000000000000000e+00
6.000000000000000000e+01,2.700000000000000000e+01,2.700000000000000000e+01
6.000000000000000000e+01,4.500000000000000000e+01,1.333061556700314121e+01
6.000000000000000000e+01,1.200000000000000000e+01,1.023594389684177663e+01
6.000000000000000000e+01,1.800000000000000000e+01,1.800000000000000000e+01
5.100000000000000000e+01,2.700000000000000000e+01,2.700000000000000000e+01
6.000000000000000000e+01,2.100000000000000000e+01,2.100000000000000000e+01
1.800000000000000000e+01,1.200000000000000000e+01,1.200000000000000000e+01
6.000000000000000000e+01,9.000000000000000000e+00,9.000000000000000000e+00
6.000000000000000000e+01,6.000000000000000000e+01,6.000000000000000000e+01
6.000000000000000000e+01,6.000000000000000000e+01,6.000000000000000000e+01
6.000000000000000000e+01,6.000000000000000000e+01,2.057731390247912984e+01
6.000000000000000000e+01,6.000000000000000000e+00,6.000000000000000000e+00
6.000000000000000000e+01,1.800000000000000000e+01,1.800000000000000000e+01
6.000000000000000000e+01,6.000000000000000000e+01,6.000000000000000000e+01
6.000000000000000000e+01,6.000000000000000000e+01,6.000000000000000000e+01
6.000000000000000000e+00,6.000000000000000000e+01,6.000000000000000000e+00
6.000000000000000000e+01,9.000000000000000000e+00,9.000000000000000000e+00
6.000000000000000000e+01,6.000000000000000000e+00,6.000000000000000000e+00
6.000000000000000000e+01,2.400000000000000000e+01,7.141238138704506966e+00
2.400000000000000000e+01,1.200000000000000000e+01,1.200000000000000000e+01
6.000000000000000000e+01,9.000000000000000000e+00,9.000000000000000000e+00
9.000000000000000000e+00,6.000000000000000000e+00,6.000000000000000000e+00
6.000000000000000000e+01,2.700000000000000000e+01,2.700000000000000000e+01
6.000000000000000000e+01,3.300000000000000000e+01,3.300000000000000000e+01
6.000000000000000000e+01,6.000000000000000000e+01,6.000000000000000000e+01
6.000000000000000000e+01,6.000000000000000000e+01,6.000000000000000000e+01
4.500000000000000000e+01,2.400000000000000000e+01,2.400000000000000000e+01
9.000000000000000000e+00,9.000000000000000000e+00,9.000000000000000000e+00
1.200000000000000000e+01,9.000000000000000000e+00,9.000000000000000000e+00
1.500000000000000000e+01,9.000000000000000000e+00,9.000000000000000000e+00
6.000000000000000000e+01,6.000000000000000000e+00,9.009313313942145518e-01
1.800000000000000000e+01,1.500000000000000000e+01,1.500000000000000000e+01
9.000000000000000000e+00,6.000000000000000000e+00,6.000000000000000000e+00
1.500000000000000000e+01,9.000000000000000000e+00,9.000000000000000000e+00
3.000000000000000000e+01,1.500000000000000000e+01,8.219346448739074162e+00
2.400000000000000000e+01,1.800000000000000000e+01,1.800000000000000000e+01
6.000000000000000000e+01,6.000000000000000000e+01,6.000000000000000000e+01
1.800000000000000000e+01,9.000000000000000000e+00,9.000000000000000000e+00
6.000000000000000000e+01,6.000000000000000000e+00,6.000000000000000000e+00
6.000000000000000000e+01,6.000000000000000000e+00,6.000000000000000000e+00
6.000000000000000000e+01,6.000000000000000000e+01,6.000000000000000000e+01
6.000000000000000000e+01,6.000000000000000000e+01,6.000000000000000000e+01
6.000000000000000000e+01,6.000000000000000000e+01,6.000000000000000000e+01
1.500000000000000000e+01,9.000000000000000000e+00,9.000000000000000000e+00
6.000000000000000000e+01,1.200000000000000000e+01,1.200000000000000000e+01
9.000000000000000000e+00,6.000000000000000000e+00,6.000000000000000000e+00
6.000000000000000000e+01,3.600000000000000000e+01,3.600000000000000000e+01
6.000000000000000000e+01,9.000000000000000000e+00,9.000000000000000000e+00
6.000000000000000000e+01,1.200000000000000000e+01,1.200000000000000000e+01
1.800000000000000000e+01,9.000000000000000000e+00,9.000000000000000000e+00
6.000000000000000000e+01,6.000000000000000000e+00,6.000000000000000000e+00
9.000000000000000000e+00,6.000000000000000000e+00,6.000000000000000000e+00
6.000000000000000000e+01,1.200000000000000000e+01,1.200000000000000000e+01
6.000000000000000000e+01,1.500000000000000000e+01,1.500000000000000000e+01
6.000000000000000000e+01,9.000000000000000000e+00,9.000000000000000000e+00
1.200000000000000000e+01,6.000000000000000000e+00,6.000000000000000000e+00
6.000000000000000000e+01,3.300000000000000000e+01,1.532051659167538915e+01
1.800000000000000000e+01,1.200000000000000000e+01,1.200000000000000000e+01
6.000000000000000000e+01,9.000000000000000000e+00,9.000000000000000000e+00
6.000000000000000000e+01,6.000000000000000000e+01,6.000000000000000000e+01
6.000000000000000000e+01,1.500000000000000000e+01,1.500000000000000000e+01
6.000000000000000000e+01,2.100000000000000000e+01,2.100000000000000000e+01
6.000000000000000000e+01,6.000000000000000000e+00,6.000000000000000000e+00
6.000000000000000000e+01,9.000000000000000000e+00,9.000000000000000000e+00
6.000000000000000000e+01,9.000000000000000000e+00,9.000000000000000000e+00
5.100000000000000000e+01,6.000000000000000000e+01,1.333061556700314121e+01
6.000000000000000000e+01,6.000000000000000000e+01,1.023594389684177663e+01
